001872192
002717423
003454793
003634755
003728906
003858086
004056791
004158372
004175618
004383270
004454890
004585976
004636938
004725292
005095098
005301955
005426356
005534204
005567130
005647463
005685704
005791720
005961373
006070714
006073090
006290974
006437385
006547641
006675318
006794650
006870327
007036755
007199037
007211157
007346691
007532880
007692454
007765135
007871438
007957709
008004647
008416220
008643814
008681527
008803643
008811811
008935655
008959087
009205855
009267818
009340503
009653110
009761113
009763640
009933464
009941718
009945771
010332732
010536761
010548640
010710753
010811078
010847118
010932440
011087527
011147271
011665620
012102573
012118993
012119534
012121936
