#This is a file containing the parameters and errors involved in the best fit of a KIC's time vs frequency data                                                                                                                                                                                                                                                                                                                                                
                #KIC                    N           group size          best degree            chiSquare                  X^3                  X^2                  X^1                  X^0               Error3               Error2               Error1               Error0                 BIC3                 BIC2                 BIC1                 BIC0
           001572802                   10                    1                    0              0.02130                    0                    0                    0    0.457519228231303                    0                    0                    0    0.145943731641572    0.000000000000000  -35.098373490763258  -36.908921317505147  -36.188097532498311
           001721614                   17                    1                    0              0.00202                    0                    0                    0    0.114791308878910                    0                    0                    0    0.044975088456770    0.000000000000000    0.000000000000000 -101.933939471139240 -102.622768755803307
           001783204                   16                    1                    1              0.00112                    0                    0   -0.000057418664604    0.132196543474078                    0                    0    0.000023409425863    0.024165396177774 -102.479452562364600 -104.280388584757006 -103.132727844591201  -97.933100835505797
           002305277                   11                    1                    0              0.04211                    0                    0                    0    0.350245358680592                    0                    0                    0    0.205204812563193    0.000000000000000    0.000000000000000  -29.827003850629797  -32.444532411519496
           002985366                   12                    1                    0              0.11705                    0                    0                    0    0.655982982485202                    0                    0                    0    0.342131582024431    0.000000000000000    0.000000000000000  -18.539783825419018  -23.256530305873323
           003234139                   17                    1                    0              0.00281                    0                    0                    0    0.130476655609733                    0                    0                    0    0.052964645229597    0.000000000000000    0.000000000000000  -94.003532523466930  -97.063229067405501
           003441906                   16                    1                    0              0.00269                    0                    0                    0    0.131657164156676                    0                    0                    0    0.051855311356112    0.000000000000000    0.000000000000000  -87.209658996822654  -91.924944480895888
           003539331                   16                    1                    0              0.00486                    0                    0                    0    0.302309913547099                    0                    0                    0    0.069705833936855    0.000000000000000    0.000000000000000  -81.109206115160305  -82.458491727236478
           003557532                   14                    1                    1              0.00434                    0                    0    0.000141166291761    0.107812824435093                    0                    0    0.000045780939813    0.039006741502901    0.000000000000000  -68.956196764049608  -70.882604314914218  -65.213106864879293
           003832966                   17                    1                    0              0.02390                    0                    0                    0    0.214035415757154                    0                    0                    0    0.154598051198481    0.000000000000000    0.000000000000000  -57.022911019138022  -60.642296099893635
           004349043                   17                    1                    0              0.00327                    0                    0                    0    0.270438463573740                    0                    0                    0    0.057193906709847    0.000000000000000    0.000000000000000  -90.698020364211871  -94.451255674902285
           005033682                   11                    1                    0              0.02022                    0                    0                    0    0.693482522627331                    0                    0                    0    0.142205022722998    0.000000000000000    0.000000000000000  -38.031287619538674  -40.512784422529329
           009511937                   12                    1                    1              0.01014                    0                    0   -0.000295943798444    0.731029497765438                    0                    0    0.000087240534036    0.088876423808011    0.000000000000000  -47.716198871761904  -50.122700807673134  -42.526756799485661
