#This is a file containing the parameters and errors involved in the best fit of a KIC's time vs frequency data                                                                                                                                                                                                                                                                                                                                                
                #KIC                    N           group size          best degree            chiSquare                  X^3                  X^2                  X^1                  X^0               Error3               Error2               Error1               Error0                 BIC3                 BIC2                 BIC1                 BIC0
           001572802                   15                    1                    0              0.00930                    0                    0                    0    0.170569822061161                    0                    0                    0    0.096445848237448    0.000000000000000    0.000000000000000  -63.591233215016317  -67.455157388093596
           001721614                   15                    1                    0              0.00063                    0                    0                    0    0.049292945276608                    0                    0                    0    0.025133707272530    0.000000000000000    0.000000000000000 -104.402459433662884 -107.798312234786763
           001783204                    4                    1                    0              0.00007                    0                    0                    0    0.021540092578219                    0                    0                    0    0.008447859348495    0.000000000000000    0.000000000000000   99.000000000000000  -36.804443248847392
           002305277                   16                    1                    0              0.01288                    0                    0                    0    0.190983554954198                    0                    0                    0    0.113486646552998    0.000000000000000    0.000000000000000  -59.444203473558517  -66.861654493683460
           002985366                   16                    1                    0              0.07201                    0                    0                    0    0.351108285496672                    0                    0                    0    0.268351220559107    0.000000000000000    0.000000000000000  -35.068346045342423  -39.322087501269735
           003234139                   17                    1                    0              0.00049                    0                    0                    0    0.055854539750526                    0                    0                    0    0.022184924631028    0.000000000000000    0.000000000000000 -125.890466087938250 -126.650424565285363
           003441906                   15                    1                    0              0.00067                    0                    0                    0    0.053154838311846                    0                    0                    0    0.025947586217796    0.000000000000000    0.000000000000000 -102.730959852249100 -106.842250509452583
           003539331                   15                    1                    0              0.00118                    0                    0                    0    0.077800436801239                    0                    0                    0    0.034308513055678    0.000000000000000    0.000000000000000  -94.548059879406026  -98.462802645763347
           003557532                   10                    1                    0              0.00016                    0                    0                    0    0.048467103828429                    0                    0                    0    0.012793454011089    0.000000000000000    0.000000000000000  -83.973178635887294  -84.873847792056679
           003832966                   16                    1                    0              0.00610                    0                    0                    0    0.082167633454260                    0                    0                    0    0.078083102612494    0.000000000000000    0.000000000000000  -74.725153627728048  -78.826822520599336
           004349043                   17                    1                    0              0.00110                    0                    0                    0    0.058689057063866                    0                    0                    0    0.033193774953573    0.000000000000000    0.000000000000000 -107.890977366021843 -112.950146005259100
           005033682                   18                    1                    0              0.02366                    0                    0                    0    0.515869917204878                    0                    0                    0    0.153829087157876    0.000000000000000    0.000000000000000  -63.133338541071545  -64.498500437146888
           009511937                   15                    1                    1              0.00789                    0                    0   -0.000159109278439    0.330039220207631                    0                    0    0.000055975309225    0.058700095874663    0.000000000000000  -64.547040986162173  -67.220980294761247  -62.989841964023924
