001028018
001572802
001721614
001722506
002692704
002985366
003103752
003128488
003219623
003228918
003340807
003430287
003439831
003526481
003528198
003530387
003539632
003540728
003541346
003557532
003759394
003831911
003834913
003836772
004036736
004070633
004142137
004142890
004271063
004352328
004355503
004390744
004474916
004543412
004588115
004953358
005018976
005094011
005097379
005254896
005344895
005426665
005510843
005514871
005560421
005607145
005608384
005693926
005694127
005786382
005822633
005956051
005962532
005962956
005982499
006032448
006035535
006117832
006129451
006203421
006283344
006365076
006423857
006619830
006692180
006717216
006779613
006780052
006836589
006865416
006871390
007033830
007039421
007117293
007131515
007264976
007294867
007459173
007547969
007618645
007664485
007733540
007739728
007740983
007741987
007910731
007954705
007957881
007985370
008093473
008095028
008247845
008249139
008282831
008292758
008355134
008396230
008414845
008415004
008429280
008431229
008454353
008507979
008509620
008547842
008590274
008673358
008776565
008892124
008957218
009048551
009077192
009117123
009178425
009401856
009520089
009640472
009652680
009726020
009754973
009874575
009965888
009992083
010002792
010006986
010063343
010065745
010067340
010080792
010146539
010280184
010293980
010320278
010384891
010394332
010412044
010459987
010587237
010677397
010802309
010857583
010976930
010991555
011031746
011033205
011145819
011186837
011187057
011243149
011299675
011455028
011551430
011560431
011708843
011817498
011819949
011910010
011912947
011955208
011961075
012021620
012156549
012166457
012218727
012258225
012365015
