#This is a file containing the data involved in the best fit of our KICs                                                                                                                                                                                                                                                                                                                                                
                #KIC                    N           group size          best degree            chiSquare                  X^3                  X^2                  X^1                  X^0               Error3               Error2               Error1               Error0                 BIC3                 BIC2                 BIC1                 BIC0
           001028018                   17                    1                    0              0.00676                    0                    0                    0    0.410812484656510                    0                    0                    0    0.082203272272705  -69.776389268222260  -76.367304264177363  -78.067615491708722  -82.117832403370556
           001572802                   10                    1                    0              0.02130                    0                    0                    0    0.457519228231303                    0                    0                    0    0.145943731641572  -33.289862763637586  -35.098373490763258  -36.908921317505147  -36.188097532498311
           001721614                   17                    1                    0              0.00202                    0                    0                    0    0.114791308878910                    0                    0                    0    0.044975088456770  -96.280443430593934  -99.091753131857615 -101.933939471139240 -102.622768755803307
           001722506                   17                    1                    0              0.00197                    0                    0                    0    0.126496189344908                    0                    0                    0    0.044410093337169  -94.604598309973298  -95.375757900016794  -98.710890365588014 -103.052595926760645
           002692704                   16                    1                    0              0.00504                    0                    0                    0    0.209166035431835                    0                    0                    0    0.070995356051154  -80.478436780154141  -79.810015706702501  -79.124917378725215  -81.871917255687251
           002985366                   12                    1                    0              0.11705                    0                    0                    0    0.655982982485202                    0                    0                    0    0.342131582024431  -16.373394396639654  -15.948867283450291  -18.539783825419018  -23.256530305873323
           003103752                   16                    1                    0              0.00378                    0                    0                    0    0.330621557082360                    0                    0                    0    0.061473097096770  -77.672968611115408  -82.275819472619361  -84.909875738009177  -86.480391932412289
           003128488                   16                    1                    0              0.00230                    0                    0                    0    0.141220444027877                    0                    0                    0    0.047928759167236  -79.161384233149050  -80.833665104065574  -86.678777996954167  -94.444677024392476
           003219623                   17                    1                    0              0.00350                    0                    0                    0    0.098631776160998                    0                    0                    0    0.059171867844015  -91.147956655939012  -86.816711854406037  -85.120968429413466  -93.295294538714330
           003228918                   10                    1                    0              0.20181                    0                    0                    0    0.631415392877335                    0                    0                    0    0.449238022817065  -13.795999166526340  -15.330163180757957   -9.445804117247096  -13.701463188404659
           003340807                   18                    1                    0              0.00419                    0                    0                    0    0.149598989528527                    0                    0                    0    0.064705540780890  -83.807057989940631  -86.393195191062631  -91.161052914985788  -95.674332193942234
           003430287                   16                    1                    0              0.02137                    0                    0                    0    0.482578502301776                    0                    0                    0    0.146175004329275  -50.288737329316092  -53.148148079023244  -54.718189902780139  -58.761834167466880
           003439831                   15                    1                    0              0.01150                    0                    0                    0    0.406708924228498                    0                    0                    0    0.107228796597354  -55.744235135624493  -57.977180160054090  -59.686196570930633  -64.275663042198090
           003526481                   18                    1                    0              0.00272                    0                    0                    0    0.149470072280223                    0                    0                    0    0.052105951132951  -91.239990921573579  -96.999416818670028  -99.011667143117748 -103.470768257739138
           003528198                   17                    1                    0              0.00210                    0                    0                    0    0.230434697516711                    0                    0                    0    0.045871673735026  -98.133337704616892 -100.167440092901444 -101.926053133888658 -101.951641056679449
           003530387                   13                    1                    0              0.00227                    0                    0                    0    0.230234498029424                    0                    0                    0    0.047665670638286  -67.887807418316584  -70.554957959341749  -73.606171171005357  -76.567190308571440
           003539632                   21                    1                    0              0.00296                    0                    0                    0    0.118962351262198                    0                    0                    0    0.054364863660502 -107.073635384845375 -112.845419402251110 -116.099275684430069 -119.261040902650549
           003540728                   21                    1                    0              0.00978                    0                    0                    0    0.297974549197328                    0                    0                    0    0.098869500251598  -89.189343253095444  -90.139067795223042  -92.491186941295766  -94.141565625125409
           003541346                   16                    1                    0              0.00377                    0                    0                    0    0.336158222469303                    0                    0                    0    0.061393660467948  -79.669926523169480  -80.209883150105725  -82.956956444062484  -86.521769641515235
           003831911                   17                    1                    0              0.00516                    0                    0                    0    0.338435889725376                    0                    0                    0    0.071806310687250  -80.700098369903046  -85.978377020489631  -85.426823862763385  -86.715405739090627
           003834913                   17                    1                    0              0.00235                    0                    0                    0    0.145547428223376                    0                    0                    0    0.048510436240677  -95.499993218729159  -99.127495992531493  -98.641278130181234 -100.049981670804954
           003836772                   17                    1                    0              0.00618                    0                    0                    0    0.298468399972676                    0                    0                    0    0.078626158715165  -74.114083823434328  -77.659750745784550  -81.145771681811368  -83.630514768310746
           004142137                   17                    1                    0              0.00653                    0                    0                    0    0.247626542816151                    0                    0                    0    0.080799546839905  -82.629612455772730  -76.641583429354910  -79.419826231158154  -82.703440000130229
           004158372                   17                    1                    0              0.00174                    0                    0                    0    0.147977663028891                    0                    0                    0    0.041739137941867  -97.786930426933779 -101.125613830303507 -104.394120576269984 -105.161531696078200
           004271063                   14                    1                    0              0.00596                    0                    0                    0    0.354492514389078                    0                    0                    0    0.077231834677653  -63.755843427335066  -66.407316235254058  -64.532635085809417  -69.067361808869549
           004390744                   14                    1                    0              0.01061                    0                    0                    0    0.481276063437508                    0                    0                    0    0.103018715722751  -60.526988752796370  -62.266498371049614  -58.365670220186843  -61.000591504346566
           004474916                   11                    1                    0              0.00753                    0                    0                    0    0.528696491308717                    0                    0                    0    0.086787226859447  -48.162069155369487  -46.270347738333989  -48.714011499406141  -51.376612858314459
           004543412                   17                    1                    0              0.00242                    0                    0                    0    0.198937550902560                    0                    0                    0    0.049213037996961  -96.677102214013289  -94.328991185112415  -96.741581050212375  -99.561074138109007
           004588115                   15                    1                    0              0.00402                    0                    0                    0    0.193950839413404                    0                    0                    0    0.063385030980606  -76.996127301676964  -79.661824113925320  -82.018531658520956  -80.047776293582913
           004665568                   13                    1                    0              0.00988                    0                    0                    0    0.198108972806730                    0                    0                    0    0.099376469661996  -59.018784647711726  -50.907571770240558  -53.080074080086433  -57.464888486240710
           004953358                   16                    1                    0              0.00807                    0                    0                    0    0.331830655855835                    0                    0                    0    0.089843275977887  -70.721123128733225  -73.495140919729053  -70.311657990166026  -74.337443426129667
           005018976                   14                    1                    0              0.00395                    0                    0                    0    0.201251047190182                    0                    0                    0    0.062877488186853  -67.495208647718258  -70.101160529234008  -72.610146127084732  -74.824820848697399
           005094011                   17                    1                    0              0.00647                    0                    0                    0    0.281787975685422                    0                    0                    0    0.080439300986007  -80.045327346795673  -81.536097724028906  -80.599209020333831  -82.855368391808085
           005097379                   16                    1                    0              0.00447                    0                    0                    0    0.243418553354117                    0                    0                    0    0.066875555612815  -77.838133269543164  -79.749425587912484  -80.603733929238928  -83.784907776047447
           005254896                   12                    1                    0              0.00282                    0                    0                    0    0.179625545220746                    0                    0                    0    0.053127333582355  -60.815438502162571  -62.999616537866928  -64.971199052800557  -67.956622784920484
           005301955                   16                    1                    0              0.01263                    0                    0                    0    0.405140290327454                    0                    0                    0    0.112361972451456  -59.265419760957158  -61.874837681329389  -64.883774324698138  -67.180362386638222
           005426665                    1                    1                    0              0.00000                    0                    0                    0    0.364209842183345                    0                    0                    0    0.000000000000000    0.000000000000000    0.000000000000000    0.000000000000000                 -inf
           005534204                   13                    1                    0              0.03082                    0                    0                    0    0.543392150620288                    0                    0                    0    0.175560354334473  -36.129005620505389  -37.654267741523142  -40.035014320254206  -42.669132934750657
           005560421                   12                    1                    0              0.01525                    0                    0                    0    0.476838074025803                    0                    0                    0    0.123485365937677  -39.974471252917823  -43.161369701137161  -44.010904716729797  -47.714276335017274
           005693926                   17                    1                    0              0.00944                    0                    0                    0    0.482644724866653                    0                    0                    0    0.097170245701961  -71.346140788661316  -74.186408673361342  -73.866950778918721  -76.430671426834479
           005694127                   17                    1                    0              0.00311                    0                    0                    0    0.244093699011551                    0                    0                    0    0.055783835511529  -93.799674295734178  -89.140746306704614  -91.582273575504544  -95.300005338945269
           005822633                   17                    1                    0              0.00185                    0                    0                    0    0.347230716994788                    0                    0                    0    0.043007407124304  -95.757037643271303  -98.318380646131004 -102.325581540405665 -104.143805916178394
           005956051                   16                    1                    0              0.01802                    0                    0                    0    0.491405931309855                    0                    0                    0    0.134256183012663  -53.237198856118596  -56.152364350577322  -58.933591756309468  -61.483586979950978
           005962532                   17                    1                    0              0.01916                    0                    0                    0    0.313815442349843                    0                    0                    0    0.138431991926359  -62.530990563093397  -58.321249687432704  -60.559936767755140  -64.397574293046858
           005982499                    1                    1                    0              0.00000                    0                    0                    0    0.198830871182790                    0                    0                    0    0.000000000000000    0.000000000000000    0.000000000000000    0.000000000000000                 -inf
           006032448                   17                    1                    0              0.00417                    0                    0                    0    0.327183362420518                    0                    0                    0    0.064590827761092  -81.776287552354844  -84.758798394896729  -87.484426642776356  -90.316004011435993
           006035535                   17                    1                    0              0.00449                    0                    0                    0    0.389797991534862                    0                    0                    0    0.066975284227343  -81.770004995448019  -84.269038723294557  -86.286773657653001  -89.083461728389608
           006117832                   15                    1                    0              0.01064                    0                    0                    0    0.416938099043235                    0                    0                    0    0.103159285282902  -57.553684813903843  -60.427389224903280  -63.124931585948701  -65.436380585846720
           006203421                   17                    1                    0              0.00348                    0                    0                    0    0.235508404453855                    0                    0                    0    0.058998701854039  -86.863451018127719  -89.037027278706745  -91.530795407809336  -93.394941140884839
           006283344                    6                    1                    0              0.04679                    0                    0                    0    0.716742502203345                    0                    0                    0    0.216306864387240    0.000000000000000  -15.846613404126982  -14.777305959514855  -16.580927063170371
           006365076                   17                    1                    0              0.00505                    0                    0                    0    0.144735387721312                    0                    0                    0    0.071073848351476  -81.046826597221511  -80.011802053331166  -82.843926107922513  -87.064004701249956
           006619830                   15                    1                    0              0.00624                    0                    0                    0    0.551552696532001                    0                    0                    0    0.079011804140331  -69.603539109693614  -67.443355681517019  -70.763432793434561  -73.436690344274936
           006692180                   16                    1                    0              0.00328                    0                    0                    0    0.140357019406947                    0                    0                    0    0.057259707552067  -81.522166249076804  -85.305988235699232  -87.986984400983786  -88.752470051965872
           006717216                   17                    1                    0              0.00391                    0                    0                    0    0.194262644032164                    0                    0                    0    0.062552934769738  -81.679751890594630  -86.054398849866061  -88.285303055832784  -91.406018885172614
           006780052                   17                    1                    0              0.00090                    0                    0                    0    0.123070414804361                    0                    0                    0    0.029937780032206 -116.429794113476987 -113.685079435705944 -114.343320080918133 -116.460344354603905
           006865416                   17                    1                    0              0.00443                    0                    0                    0    0.227640988717111                    0                    0                    0    0.066566177719331  -86.235798184108035  -89.537347042005479  -86.694316576703159  -89.291781520377228
           006871390                   17                    1                    0              0.01004                    0                    0                    0    0.496060245056472                    0                    0                    0    0.100215193867002  -75.427502713809616  -77.053750499980993  -71.353596910157023  -75.381592514483458
           007039421                   17                    1                    0              0.00622                    0                    0                    0    0.165584878973613                    0                    0                    0    0.078877912968095  -71.305361518536245  -76.238169392634120  -78.181565257793281  -83.521823585946038
           007117293                   17                    1                    0              0.00640                    0                    0                    0    0.444834659570786                    0                    0                    0    0.080026074560439  -77.178441240361607  -80.938782915968829  -79.211499104614489  -83.030480679783921
           007264976                   16                    1                    0              0.00387                    0                    0                    0    0.113316684118570                    0                    0                    0    0.062230052036551  -80.380202125215646  -82.724322867720957  -81.382973315601859  -86.088763092293732
           007294867                   18                    1                    0              0.00659                    0                    0                    0    0.274676961741818                    0                    0                    0    0.081175120540672  -84.630359061711289  -83.523579540017892  -84.816617187002279  -87.510901379763808
           007459173                   17                    1                    0              0.00387                    0                    0                    0    0.151578350151915                    0                    0                    0    0.062230440756631  -91.016590834902601  -89.936961634217113  -87.905533182329350  -91.581760578516054
           007547969                   17                    1                    0              0.01002                    0                    0                    0    0.413242633028919                    0                    0                    0    0.100083691828211  -73.545821334185817  -72.667129579619143  -71.926893267638960  -75.426236496857612
           007618645                   17                    1                    0              0.00569                    0                    0                    0    0.177508607953623                    0                    0                    0    0.075418748674163  -76.864631849044997  -78.990151436186835  -80.143607214214569  -85.046565532492821
           007664485                   21                    1                    0              0.00442                    0                    0                    0    0.171939326979318                    0                    0                    0    0.066511935799498  -99.258904112096872 -102.105942364577814 -105.472780007509940 -110.791179754484276
           007733540                   16                    1                    0              0.00341                    0                    0                    0    0.251156314102909                    0                    0                    0    0.058437134368595  -84.647215047303789  -87.086582628869820  -85.223099372804285  -88.101130597660813
           007739728                   17                    1                    0              0.00332                    0                    0                    0    0.143479944308134                    0                    0                    0    0.057629946813407  -93.706330932539373  -92.303173083622028  -89.693664499164171  -94.193026494620142
           007741987                   17                    1                    0              0.00939                    0                    0                    0    0.596464167840119                    0                    0                    0    0.096923011470577  -67.132287585362448  -70.554968319877361  -73.417488982603217  -76.517289257209924
           007910731                   15                    1                    0              0.00222                    0                    0                    0    0.300924318639348                    0                    0                    0    0.047083408146721  -84.401423611101023  -87.716559321395664  -87.972202509275576  -88.966988058939179
           007954705                   16                    1                    0              0.00691                    0                    0                    0    0.421288231631292                    0                    0                    0    0.083148023500243  -69.984077515239733  -72.395705817479168  -74.410000367007910  -76.815662283118428
           007957881                   16                    1                    0              0.00596                    0                    0                    0    0.321331593080612                    0                    0                    0    0.077190117405358  -74.472626303898181  -75.113025447979211  -75.144900445626860  -79.194894254711258
           007985370                   18                    1                    0              0.00215                    0                    0                    0    0.120171466203688                    0                    0                    0    0.046330829993863  -95.111768376492137  -97.163634796536400 -100.434484570889680 -107.699744178093340
           008095028                   16                    1                    0              0.02517                    0                    0                    0    0.590248102748362                    0                    0                    0    0.158645390288215  -47.139074392394527  -51.651204551555850  -52.109565736563660  -56.142093429200777
           008247845                   18                    1                    0              0.00824                    0                    0                    0    0.414638446003407                    0                    0                    0    0.090797444356716  -74.760476988143438  -79.186636660078960  -79.369152338380061  -83.478097268500733
           008249139                   17                    1                    0              0.00229                    0                    0                    0    0.122722914432872                    0                    0                    0    0.047839395772501  -99.012180982635996  -95.061160456336040  -97.696826731775801 -100.523583842105850
           008355134                   17                    1                    0              0.01909                    0                    0                    0    0.217920140597012                    0                    0                    0    0.138184433309886  -51.676392469501565  -54.470966855808292  -56.877079749636074  -64.458431092855804
           008396230                   17                    1                    0              0.00351                    0                    0                    0    0.373393603464913                    0                    0                    0    0.059226924185275  -81.601145603054519  -85.585222629217498  -90.039937781770234  -93.263674017834191
           008414845                   20                    1                    0              0.00144                    0                    0                    0    0.153472374103881                    0                    0                    0    0.037909333031910 -117.184693225357449 -121.759490857057727 -124.727021110036517 -127.906585449214688
           008415004                   17                    1                    0              0.01171                    0                    0                    0    0.547622114370180                    0                    0                    0    0.108193592622810  -64.599106798068405  -67.655084402334154  -70.585414195173570  -72.777113151661581
           008429280                   19                    1                    0              0.00524                    0                    0                    0    0.262824776990563                    0                    0                    0    0.072401955518918  -86.529794961490211  -89.596542312577412  -93.419821457555273  -96.825395881799437
           008454353                   17                    1                    0              0.00388                    0                    0                    0    0.496194156299568                    0                    0                    0    0.062278790337981  -89.237789189226802  -92.243075778327835  -88.084710801064048  -91.555354731591095
           008507979                   18                    1                    0              0.01338                    0                    0                    0    0.712264355146445                    0                    0                    0    0.115679139716521  -63.115718859182877  -66.639408277697015  -70.807786541827525  -74.759286706754224
           008509620                   16                    1                    0              0.00188                    0                    0                    0    0.165796657815190                    0                    0                    0    0.043347561180025  -95.174835767875408  -98.642442334602592  -95.157732674216575  -97.659566034916367
           008547842                   18                    1                    0              0.00436                    0                    0                    0    0.208745684802070                    0                    0                    0    0.066006447109125  -85.182541631278440  -85.783713859710758  -89.273155273310323  -94.957731139277939
           008590274                   13                    1                    0              0.00723                    0                    0                    0    0.182387064659758                    0                    0                    0    0.085058053070231  -53.897740676214255  -55.256667626466339  -57.808092896531335  -61.510003878802401
           008673358                   17                    1                    0              0.01139                    0                    0                    0    0.419349938727566                    0                    0                    0    0.106718933201749  -67.620155560807092  -69.004231860977370  -69.859005649806932  -73.243714221353017
           008776565                   17                    1                    0              0.00756                    0                    0                    0    0.247747577614404                    0                    0                    0    0.086976195411852  -73.347927242800694  -74.345045284284197  -77.146927493121225  -80.198894322524154
           008957218                   17                    1                    0              0.00143                    0                    0                    0    0.083261644405360                    0                    0                    0    0.037759023113757 -101.921703889282028 -104.791939624206265 -105.549709018813246 -108.568834160840112
           009048551                   16                    1                    0              0.00099                    0                    0                    0    0.146118012481487                    0                    0                    0    0.031488831311396 -101.103297655535229 -103.833480214277330 -105.998723998998628 -107.887326719851004
           009077192                   16                    1                    0              0.00139                    0                    0                    0    0.218842478458678                    0                    0                    0    0.037325066619919  -95.438964653521694  -97.484641815972708 -100.278682314651178 -102.446296100094386
           009117123                   17                    1                    0              0.01178                    0                    0                    0    0.377893029400114                    0                    0                    0    0.108555392025672  -63.697965621570432  -67.328392974669043  -68.920898798966988  -72.663606819513944
           009178425                   16                    1                    0              0.03771                    0                    0                    0    0.409177855011415                    0                    0                    0    0.194180723979650  -43.391155597882374  -45.775501657814765  -47.267859622139390  -49.674322850642056
           009401856                   17                    1                    0              0.00385                    0                    0                    0    0.144998878529408                    0                    0                    0    0.062068715246514  -83.208986491381708  -84.815978496481961  -87.594438396992004  -91.670235361830919
           009520089                   16                    1                    0              0.00402                    0                    0                    0    0.164297325276467                    0                    0                    0    0.063386524280221  -73.215033578743231  -77.445850646258549  -81.634140071409234  -85.499538987079617
           009640472                   13                    1                    0              1.11381                    0                    0                    0    0.977999025486399                    0                    0                    0    1.055371187598134   12.532744786814581    9.339032760411856    8.052602168339384    3.966155439944522
           009652680                   19                    1                    0              0.01016                    0                    0                    0    0.259953911785429                    0                    0                    0    0.100776967377811  -72.264148937964762  -75.739837265244859  -78.589437542575325  -84.259688033075108
           009754973                   18                    1                    0              0.00209                    0                    0                    0    0.126339455353291                    0                    0                    0    0.045676790678533  -96.959709005915030 -103.979014638920034 -108.450481389363915 -108.211567259377361
           009965888                    3                    1                    0              0.03741                    0                    0                    0    1.072646294529916                    0                    0                    0    0.193427683697771    0.000000000000000    0.000000000000000    0.000000000000000   -8.758497095487806
           010002792                   15                    1                    0              0.00311                    0                    0                    0    0.256199014384284                    0                    0                    0    0.055776956997972  -76.065953675952130  -77.852384526386388  -80.572028273928481  -83.883783356218771
           010006986                   14                    1                    0              0.04377                    0                    0                    0    0.408853049989611                    0                    0                    0    0.209205749024934  -36.085598239697681  -37.992194768814144  -37.383089285710788  -41.165180523151406
           010063343                   13                    1                    0              2.54861                    0                    0                    0    0.891183341302123                    0                    0                    0    1.596435845650444   23.225212668347496   20.698577542403370   18.849839613307420   14.727061605292544
           010065745                   16                    1                    0              0.00432                    0                    0                    0    0.486386635644470                    0                    0                    0    0.065731061671602  -77.895715283148220  -80.152938809077725  -81.606214050410912  -84.337289192234579
           010067340                   16                    1                    0              0.00428                    0                    0                    0    0.435495125961668                    0                    0                    0    0.065386021104023  -78.445244173183511  -75.127176032361163  -79.284790192779425  -84.505708492237787
           010146539                   15                    1                    0              0.00153                    0                    0                    0    0.250778350044331                    0                    0                    0    0.039083945310285  -92.432055183607005  -89.741872676565038  -91.720059694260883  -94.553254864524149
           010280184                    4                    1                    0              0.00062                    0                    0                    0    0.041700318620982                    0                    0                    0    0.024869627081162    0.000000000000000    0.000000000000000    0.000000000000000  -28.166569766922954
           010320278                   16                    1                    0              0.00967                    0                    0                    0    0.209104484809072                    0                    0                    0    0.098353281799976  -67.273651381435457  -69.212301925875892  -67.191030736832417  -71.441470993678266
           010412044                   14                    1                    0              0.00940                    0                    0                    0    0.402076401406817                    0                    0                    0    0.096930286428760  -56.012989114662020  -57.333122131214772  -59.721152493037614  -62.706313823704079
           010459987                   15                    1                    0              0.00051                    0                    0                    0    0.060337636591058                    0                    0                    0    0.022643092341868 -107.601039537526290 -106.315588023626148 -106.745595208387996 -110.928963221979018
           010587237                   13                    1                    0              0.00957                    0                    0                    0    0.403614959279942                    0                    0                    0    0.097827818686172  -50.603973070115252  -52.487663238103153  -55.301520702902181  -57.873254383887357
           010677397                   14                    1                    0              0.00380                    0                    0                    0    0.510461319896639                    0                    0                    0    0.061678240943742  -68.351036187125857  -72.998909545383810  -73.659430262920338  -75.364016608098694
           010802309                   18                    1                    0              0.00193                    0                    0                    0    0.141066186392852                    0                    0                    0    0.043905459173267 -103.357200460231709 -107.130081561428256 -104.691035059719781 -109.635426270082405
           010857583                   17                    1                    0              0.00613                    0                    0                    0    0.264922726320385                    0                    0                    0    0.078323734673381  -85.398028219027253  -81.345304581410289  -79.464959164599861  -83.761542957301046
           011087527                   15                    1                    0              0.00391                    0                    0                    0    0.200430446851749                    0                    0                    0    0.062543194948375  -81.733874464976907  -76.898097943752262  -80.722193403807353  -80.448885052257651
           011145819                   16                    1                    0              0.00577                    0                    0                    0    0.407572080606254                    0                    0                    0    0.075938912359421  -75.545962652593730  -78.270768911788636  -76.747225906300571  -79.717844770509970
           011186837                   17                    1                    0              0.00332                    0                    0                    0    0.200978701596388                    0                    0                    0    0.057595558872908  -90.998796659578787  -86.655035183735066  -89.506005049386985  -94.213320439172421
           011187057                   17                    1                    0              0.00492                    0                    0                    0    0.150823385042192                    0                    0                    0    0.070134640882375  -79.089414466604140  -80.732807160630756  -81.590291051121511  -87.516293724756935
           011243149                   18                    1                    0              0.00184                    0                    0                    0    0.121538612123951                    0                    0                    0    0.042947441584865  -98.382228023212321 -101.680362272904460 -106.138195139195631 -110.429643428307543
           011299675                   17                    1                    0              0.00256                    0                    0                    0    0.270037427362922                    0                    0                    0    0.050596509577421  -95.814536605114895  -96.776536536818185  -95.867922217629598  -98.618457971490415
           011551430                   24                    1                    0              0.01594                    0                    0                    0    0.311739015598127                    0                    0                    0    0.126247811879707  -91.782009905017887  -89.349373185673315  -91.109378599714674  -96.158356215544046
           011560431                   20                    1                    0              0.00267                    0                    0                    0    0.143130270862231                    0                    0                    0    0.051694746541282 -106.939347774540877 -110.551048244402836 -113.398944611233830 -115.500232403221574
           011708843                   16                    1                    0              0.00414                    0                    0                    0    0.287182310121587                    0                    0                    0    0.064327650255705  -78.809478358338438  -81.753875172879205  -85.252863718338190  -85.027914338292021
           011817498                   13                    1                    0              0.00631                    0                    0                    0    0.631225320274588                    0                    0                    0    0.079452720766057  -56.753364154082149  -58.665577959460897  -60.702378162185667  -63.282472323504273
           011819949                   17                    1                    0              0.00160                    0                    0                    0    0.198258505002021                    0                    0                    0    0.039986352801069  -98.752379804871467 -101.664004038205206 -102.805486037594520 -106.620166799868684
           011910010                   11                    1                    0              0.06689                    0                    0                    0    0.505129013116240                    0                    0                    0    0.258637264770659  -25.473144696774881  -23.343808834330723  -22.753820962058843  -27.353336590331722
           011912947                   14                    1                    0              0.01249                    0                    0                    0    0.449514122338807                    0                    0                    0    0.111769328238079  -55.401696041265666  -55.991635122148331  -58.792197894311180  -58.717849493327428
           011961075                   17                    1                    0              0.00577                    0                    0                    0    0.309592601957942                    0                    0                    0    0.075961897580502  -83.100906922141164  -86.408560904899105  -83.397886822233431  -84.802582665219632
           012121936                   18                    1                    0              0.00138                    0                    0                    0    0.122730241775515                    0                    0                    0    0.037111029035769 -104.623960849957228 -109.265697134749274 -112.166937371979813 -115.687906940488389
           012156549                   21                    1                    0              0.15168                    0                    0                    0    0.514970436334140                    0                    0                    0    0.389458329944651  -25.437271193493586  -27.877217770338937  -30.643843807171407  -36.561410481914109
           012166457                   19                    1                    0              0.02502                    0                    0                    0    0.252361595974633                    0                    0                    0    0.158176409501276  -57.554202334409645  -60.521734899323761  -63.116133877622616  -67.129246433486301
           012218727                   17                    1                    0              0.00590                    0                    0                    0    0.298624058850834                    0                    0                    0    0.076838642499680  -73.992568021034714  -76.990428891167539  -80.325551441611651  -84.412405321888741
           012258225                   17                    1                    0              0.00824                    0                    0                    0    0.404062932247216                    0                    0                    0    0.090801433573374  -77.957393852186613  -78.559404950424778  -79.495798612811114  -78.735513634324818
