#This is a file containing the data involved in the best fit of our KICs                                                                                                                                                                                                                                                                                                                                                
                #KIC                    N           group size          best degree               chi_sq                  X^3                  X^2                  X^1                  X^0               Error3               Error2               Error1               Error0                 BIC3                 BIC2                 BIC1                 BIC0
           001028018                   17                    1                    0              0.00635                    0                    0                    0    0.233811790751563                    0                    0                    0    0.079657136012816  -72.600844105233747  -77.336579053734397  -79.936187572895619  -83.187590909401536
           001572802                   14                    1                    0              0.01953                    0                    0                    0    0.361971067060017                    0                    0                    0    0.139758073652609  -44.372769483721065  -46.677698183222688  -49.345397740989604  -52.460529772496230
           001721614                   16                    1                    0              0.00111                    0                    0                    0    0.071008711363322                    0                    0                    0    0.033368504155940  -99.610128616313759 -100.709280550113135 -103.091605351974152 -106.031981301336273
           001722506                   17                    1                    0              0.00062                    0                    0                    0    0.070756168429854                    0                    0                    0    0.024867231572716 -115.598579367559495 -116.407742418994104 -118.549306218258707 -122.769734328045928
           002692704                   16                    1                    0              0.00232                    0                    0                    0    0.101420209828543                    0                    0                    0    0.048185665549514  -92.908265688330673  -92.381461986382419  -92.956517726142820  -94.273609594387935
           002985366                   15                    1                    0              0.11266                    0                    0                    0    0.552417353009836                    0                    0                    0    0.335655236490252  -21.118525434175268  -23.642694474028268  -26.017373135598412  -30.042071629164795
           003103752                   16                    1                    0              0.00096                    0                    0                    0    0.144408038700163                    0                    0                    0    0.031010124798862 -105.248638924554626 -103.339744367677469 -106.209035676331368 -108.377539962763521
           003128488                   15                    1                    0              0.00130                    0                    0                    0    0.073253369010298                    0                    0                    0    0.036054877541534  -87.417430967675514  -86.544465708373437  -88.767697625295469  -96.973343550525271
           003219623                   15                    1                    0              0.00082                    0                    0                    0    0.056632391071248                    0                    0                    0    0.028680534844029  -99.666838659855841  -96.359699467612487  -99.134429087812052 -103.838048241354073
           003228918                   11                    1                    0              0.14582                    0                    0                    0    0.481460519903606                    0                    0                    0    0.381859762871116  -17.407677253748865  -18.865069801504468  -15.147439909687115  -18.781545442180061
           003340807                   18                    1                    0              0.00220                    0                    0                    0    0.096879222734131                    0                    0                    0    0.046874449463709  -93.951349502968512  -97.175659625928688 -102.018073396842453 -107.279799665354687
           003430287                   17                    1                    0              0.01440                    0                    0                    0    0.335444373823598                    0                    0                    0    0.119987581215123  -63.119935987520918  -64.843413610961420  -65.768883903623546  -69.259265724547205
           003439831                   17                    1                    0              0.00844                    0                    0                    0    0.317375804233746                    0                    0                    0    0.091878025164082  -68.077992360382481  -70.915354269617808  -73.543201237796765  -78.334762087141314
           003526481                   14                    1                    0              0.00241                    0                    0                    0    0.074316751278792                    0                    0                    0    0.049054773054004  -70.302433356814035  -72.267364401212760  -75.679953117027935  -81.775840726980647
           003528198                   17                    1                    3              0.00052   -0.000000000271927    0.000000666498702   -0.000424241398215    0.169589461348637    0.000000000130521    0.000000346831592    0.000278121841522    0.066009417136027 -117.331809413734433 -108.115298756447970 -112.647401612244138 -115.073568458931973
           003530387                   14                    1                    0              0.00235                    0                    0                    0    0.154351041685245                    0                    0                    0    0.048488157151211  -76.508663295775690  -77.026724803900720  -79.584533604234394  -82.101142082934601
           003539632                   19                    1                    0              0.00143                    0                    0                    0    0.069824724583302                    0                    0                    0    0.037864570951668 -109.152752018446847 -115.304757854523444 -116.493529631721685 -121.457658505111695
           003540728                   21                    1                    0              0.00540                    0                    0                    0    0.162359935462214                    0                    0                    0    0.073499753346377  -99.780101147586748 -102.727311594896761 -103.952184219194663 -106.595353163501272
           003541346                   16                    1                    0              0.00196                    0                    0                    0    0.132549661126826                    0                    0                    0    0.044250506026423  -89.859814768336804  -91.843991591064309  -94.564509436070779  -96.999842380742720
           003557532                   14                    1                    3              0.00102   -0.000000000391356    0.000001012088904   -0.000662238216702    0.177970118245406    0.000000000182637    0.000000471511636    0.000353798244116    0.073452664121062  -85.923996113104877  -78.891322710780841  -81.846220824441247  -79.031784435945809
           003759394                   14                    1                    0              0.00214                    0                    0                    0    0.148985078811275                    0                    0                    0    0.046268317627871  -75.437893765788957  -78.360773197910504  -81.680854392633307  -83.413282095595690
           003831911                   17                    1                    0              0.00118                    0                    0                    0    0.153553953306255                    0                    0                    0    0.034332816290069 -100.293446001386073 -105.791978854685937 -108.627298069992207 -111.803010383527152
           003834913                   17                    1                    0              0.00101                    0                    0                    0    0.089423238778128                    0                    0                    0    0.031817205490295 -113.534444040674686 -113.093649782674447 -110.556821200696618 -114.390221456135052
           003836772                   17                    1                    0              0.00262                    0                    0                    0    0.181954473232125                    0                    0                    0    0.051169847716132  -86.673757029058379  -90.904181335267026  -92.962594518372171  -98.235350951003255
           004036736                   16                    1                    0              0.00118                    0                    0                    0    0.087409477413109                    0                    0                    0    0.034331132135889 -101.916899255685095 -104.169266093318072 -105.321559836476766 -105.121897486490454
           004070633                   14                    1                    1              0.04006                    0                    0   -0.000278897759195    0.664894926666591                    0                    0    0.000130169677693    0.135051790331543  -33.354029680865125  -37.142606854289298  -39.766296848360120  -36.238707168647736
           004142137                   17                    1                    0              0.00145                    0                    0                    0    0.142453743480149                    0                    0                    0    0.038022427253052 -102.005120352322024 -103.875285377220820 -105.704747816414596 -108.332476140266650
           004142890                   15                    1                    0              0.00022                    0                    0                    0    0.057553870914438                    0                    0                    0    0.014897224173486 -119.183582335090989 -121.831911332374560 -124.450256508564934 -123.489361212926497
           004271063                   14                    1                    0              0.00225                    0                    0                    0    0.189041982731721                    0                    0                    0    0.047441170596053  -80.469398614287996  -81.111065230880371  -78.546197544364517  -82.712358450809148
           004352328                   17                    1                    0              0.00083                    0                    0                    0    0.056691715289089                    0                    0                    0    0.028765902178535 -113.535867927767185 -114.753056467924097 -111.778761129950055 -117.817981199525050
           004355503                   16                    1                    0              0.00119                    0                    0                    0    0.104441138830876                    0                    0                    0    0.034445558936057  -99.851345778831345  -98.394088368878755 -101.169006683873789 -105.015417778704773
           004390744                   15                    1                    3              0.00660    0.000000001267544   -0.000003662799557    0.003093144492628   -0.337085056712234    0.000000000511063    0.000001286244584    0.000948648242222    0.186309449732531  -64.485856553381240  -54.876022438566991  -54.615080711160232  -57.861427667714409
           004474916                   13                    1                    0              0.00639                    0                    0                    0    0.460033026286144                    0                    0                    0    0.079918677024872  -61.489492948308893  -57.118940640749052  -59.880848676113189  -63.130438804102617
           004543412                   17                    1                    0              0.00108                    0                    0                    0    0.127631031499439                    0                    0                    0    0.032855150420365 -108.493970064451148 -107.277629441830044 -110.493221124109610 -113.298776507269210
           004588115                   15                    1                    2              0.00053                    0    0.000000075879148   -0.000153730652742    0.145739177433814                    0    0.000000055356735    0.000098509231350    0.038934081658201 -102.328791210735403 -104.983396674996740  -98.930811918250399 -102.108478429234282
           004953358                   16                    1                    0              0.00367                    0                    0                    0    0.154031894149968                    0                    0                    0    0.060576639959779  -82.920631205493549  -81.444836187910354  -81.487840482528341  -86.950481339668755
           005018976                   14                    1                    0              0.00146                    0                    0                    0    0.107103760526107                    0                    0                    0    0.038222014911134  -81.351875481928616  -84.002987339026305  -85.716328661728767  -88.762564108680664
           005094011                   17                    1                    0              0.00234                    0                    0                    0    0.169124041972303                    0                    0                    0    0.048396452938566  -92.744517263396517  -94.927677210442454  -97.495267195781764 -100.129964303449043
           005097379                   16                    1                    0              0.00221                    0                    0                    0    0.129782849031587                    0                    0                    0    0.046963516998103  -86.409660527041765  -89.379521402528709  -91.445040928364293  -95.095706086741188
           005254896                   12                    1                    0              0.00089                    0                    0                    0    0.114477697757151                    0                    0                    0    0.029763955623074  -75.704392708094034  -77.161626386045427  -79.035532240705052  -81.862065200003599
           005344895                   13                    1                    0              0.00208                    0                    0                    0    0.126598233340624                    0                    0                    0    0.045608650567880  -70.312737324063619  -74.567327496815693  -77.470156810077441  -77.714155392996659
           005426665                    3                    1                    0              0.02560                    0                    0                    0    0.283432026651128                    0                    0                    0    0.159999484263208    0.000000000000000    0.000000000000000    0.000000000000000   -9.896895833982610
           005510843                   12                    1                    0              0.00192                    0                    0                    0    0.147178738133925                    0                    0                    0    0.043762749809643  -73.930619433727315  -72.790007720373140  -70.932390149356337  -72.610428176145660
           005514871                   10                    1                    0              0.04373                    0                    0                    0    0.556593580480343                    0                    0                    0    0.209106288829597  -26.395930559453038  -28.867941393696157  -28.909768512314933  -28.995666852932668
           005560421                   16                    1                    0              0.01917                    0                    0                    0    0.443759503921065                    0                    0                    0    0.138441681212988  -51.247572624288637  -53.989551496408659  -56.667570733668803  -60.501206999547883
           005607145                   17                    1                    0              0.00083                    0                    0                    0    0.079221875496571                    0                    0                    0    0.028813688578047 -109.576936378095965 -110.757543800831769 -112.877214792119844 -117.761546690871199
           005608384                   11                    1                    2              0.01142                    0    0.000000551116933   -0.001146847356235    1.134398073590330                    0    0.000000272560251    0.000491062282517    0.196680276566485  -40.596723842751139  -41.999511215873987  -35.623366198976697  -37.249520371342236
           005693926                   18                    1                    0              0.00880                    0                    0                    0    0.275581372115570                    0                    0                    0    0.093790582216059  -74.695572510746615  -72.384630621413550  -77.424333111793274  -82.310498151786732
           005694127                   17                    1                    0              0.00051                    0                    0                    0    0.097098551647907                    0                    0                    0    0.022574828429375 -117.005340883855169 -120.766145755234362 -123.611115037124364 -126.058059166955957
           005786382                   17                    1                    0              0.00385                    0                    0                    0    0.180788568861770                    0                    0                    0    0.062044773095119  -85.788795970592602  -86.777254832638732  -89.548505540436423  -91.683352923321365
           005822633                   17                    1                    0              0.00137                    0                    0                    0    0.300905230568951                    0                    0                    0    0.037015357929047 -101.501757323576228 -102.714775858010626 -105.971136196927830 -109.245147348008331
           005956051                   17                    1                    0              0.01124                    0                    0                    0    0.332438871972107                    0                    0                    0    0.106030920364188  -65.629107263747883  -68.159179199133490  -70.599101664316422  -73.463620535107296
           005962532                   17                    1                    0              0.00443                    0                    0                    0    0.141643666483598                    0                    0                    0    0.066593316071052  -82.891681891959649  -82.671963773735570  -85.134047720669315  -89.277922891975322
           005962956                   17                    1                    0              0.00349                    0                    0                    0    0.224148622290210                    0                    0                    0    0.059050674540723  -86.835386455358488  -88.712918732547564  -91.504404174668608  -93.365003304440904
           005982499                    7                    1                    0              0.00199                    0                    0                    0    0.167425590629594                    0                    0                    0    0.044575378816161  -35.493326135155868  -36.479419704063233  -39.791368208746995  -41.602120487117261
           006032448                   17                    1                    0              0.00244                    0                    0                    0    0.153694122143895                    0                    0                    0    0.049418635384145  -91.454912069680418  -92.779819127079179  -96.267685640422187  -99.419328164442632
           006035535                   17                    1                    0              0.00434                    0                    0                    0    0.245118707211314                    0                    0                    0    0.065906722276571  -84.220724320976345  -84.493259128557241  -86.729551708516851  -89.630291061051224
           006117832                   16                    1                    0              0.00997                    0                    0                    0    0.253713230242751                    0                    0                    0    0.099846601987654  -62.340275314160422  -64.501678912138985  -67.783025368036959  -70.959259305587338
           006129451                   17                    1                    1              0.00124                    0                    0    0.000041273729322    0.104518028836337                    0                    0    0.000024715510326    0.022681109507555 -106.529440465346511 -106.840554011181524 -108.085016118624964 -105.094332312341578
           006203421                   16                    1                    0              0.00103                    0                    0                    0    0.123396909978702                    0                    0                    0    0.032040301803395 -101.884454548992920 -104.027222234576953 -106.576986860258557 -107.331754869591236
           006283344                   15                    1                    0              0.03294                    0                    0                    0    0.643388095551231                    0                    0                    0    0.181493112608761  -40.427168488783025  -42.812124019838251  -45.185180195288162  -48.488076990589931
           006365076                   16                    1                    0              0.00228                    0                    0                    0    0.085357835379576                    0                    0                    0    0.047732977660376  -86.450621299700913  -86.916032530489801  -88.213318245701174  -94.575659738578281
           006423857                   13                    1                    0              0.00200                    0                    0                    0    0.168611020437421                    0                    0                    0    0.044747937353581  -72.507654961254971  -75.347802701834595  -74.942244489731650  -78.209508770044181
           006619830                   15                    1                    0              0.00511                    0                    0                    0    0.472184437607694                    0                    0                    0    0.071504035742838  -71.266358219261917  -72.056325657157799  -75.216341776292793  -76.431991406476811
           006692180                   16                    1                    0              0.00183                    0                    0                    0    0.072936607073147                    0                    0                    0    0.042802338759225  -89.183918450777895  -93.207021767554238  -96.236554289721425  -98.064612365126223
           006717216                   17                    1                    0              0.00100                    0                    0                    0    0.082871716954412                    0                    0                    0    0.031630361496958 -105.723450311749673 -109.063095286326615 -111.291029709175703 -114.590472291245320
           006779613                   18                    1                    0              0.00255                    0                    0                    0    0.199480532572912                    0                    0                    0    0.050520859351550  -96.897970805634415 -102.005450134529980 -104.937257699004277 -104.582911216781554
           006780052                   17                    1                    0              0.00035                    0                    0                    0    0.072573744691882                    0                    0                    0    0.018807554473181 -133.726236407458345 -128.404055757177133 -128.889276713345879 -132.265672966060976
           006836589                   15                    1                    0              0.00515                    0                    0                    0    0.136816312643934                    0                    0                    0    0.071735020563654  -67.330031150014349  -69.814027070342235  -72.331361586134122  -76.335236362011059
           006865416                   17                    1                    0              0.00170                    0                    0                    0    0.116287629890460                    0                    0                    0    0.041181687055832  -98.425730603960147 -101.488251410653533 -101.895238575656037 -105.618681408770385
           006871390                   17                    1                    0              0.00396                    0                    0                    0    0.269233877094371                    0                    0                    0    0.062897131481685  -83.792605547936361  -86.901918561260430  -88.149816984364591  -91.219447161116619
           007033830                   16                    1                    0              0.00114                    0                    0                    0    0.211678663573574                    0                    0                    0    0.033693039962066  -99.908014261251182 -100.861030090442185 -102.745113488706835 -105.722259030383398
           007039421                   16                    1                    0              0.00452                    0                    0                    0    0.129815718422757                    0                    0                    0    0.067234320325635  -72.024962576290122  -79.029786304290823  -77.947112651840598  -83.613697443974246
           007117293                   17                    1                    0              0.00233                    0                    0                    0    0.192604554205748                    0                    0                    0    0.048295088538121  -94.824236271723592  -95.510469627258658  -98.420422449729074 -100.201250598506718
           007131515                   16                    1                    0              0.00310                    0                    0                    0    0.184285422223145                    0                    0                    0    0.055691083838405  -89.579212155649174  -87.591237808184829  -89.889332787376858  -89.641338304213761
           007264976                   16                    1                    0              0.00100                    0                    0                    0    0.062698098026883                    0                    0                    0    0.031659202919768  -98.728048558919099 -100.674191081659046 -102.767250488881842 -107.714656112996963
           007294867                   18                    1                    0              0.00264                    0                    0                    0    0.149616920008414                    0                    0                    0    0.051357418538621 -101.030264296633035  -99.875544354654238 -101.369064664673772 -103.991680028739808
           007459173                   17                    1                    0              0.00122                    0                    0                    0    0.069364379718657                    0                    0                    0    0.034911485407376 -110.777892414293660 -101.554492900915733 -103.801209932069852 -111.234726566919761
           007547969                   17                    1                    0              0.00229                    0                    0                    0    0.215785540490319                    0                    0                    0    0.047855251829166  -93.807015246600614  -94.153719113627517  -95.918193199449277 -100.512316630300859
           007618645                   17                    1                    0              0.00127                    0                    0                    0    0.079484396664902                    0                    0                    0    0.035694967881970 -102.996059728402471 -105.542122323090069 -105.725789093230787 -110.480135553784407
           007664485                   18                    1                    0              0.00246                    0                    0                    0    0.093201234878957                    0                    0                    0    0.049569516428916  -92.998788791104687  -94.939499811241944  -98.385092803110481 -105.267280245431294
           007733540                   16                    1                    0              0.00166                    0                    0                    0    0.109723243586955                    0                    0                    0    0.040695596767388  -89.315929115976758  -92.387885294210434  -95.455149781469188  -99.679743435192194
           007739728                   17                    1                    0              0.00239                    0                    0                    0    0.078035978329251                    0                    0                    0    0.048892373806609  -96.880406399974774  -93.310545396706061  -94.295344523244168  -99.783337540256696
           007740983                   16                    1                    3              0.00519    0.000000000616669   -0.000002046592940    0.001946079020401   -0.250344244262097    0.000000000352091    0.000000932736721    0.000742271208756    0.169303841265790  -73.099839564840991  -69.897329097443276  -66.672792929354529  -70.835316681688269
           007741987                   17                    1                    0              0.00262                    0                    0                    0    0.248573568786735                    0                    0                    0    0.051232799402429  -90.581269210958894  -93.526902037782975  -96.362456429408184  -98.193548172189253
           007910731                   15                    1                    0              0.00267                    0                    0                    0    0.262448204238767                    0                    0                    0    0.051712016719425  -84.100683583678531  -88.139413004714257  -84.957683608430926  -86.153902581861985
           007954705                   16                    1                    0              0.00736                    0                    0                    0    0.267329445672599                    0                    0                    0    0.085768975275238  -76.173221332193862  -76.742434964473659  -74.533643605848056  -75.822545082804183
           007957881                   16                    1                    0              0.00287                    0                    0                    0    0.141639793927787                    0                    0                    0    0.053541004638503  -81.235623162081239  -83.958078597037030  -86.668385630277626  -90.901250535537798
           007985370                   17                    1                    0              0.00123                    0                    0                    0    0.069815248980731                    0                    0                    0    0.035113636110079  -98.925761666675129 -101.835346193989722 -105.804099985416642 -111.038421502789930
           008093473                   16                    1                    0              0.00256                    0                    0                    0    0.239923956055797                    0                    0                    0    0.050589079581856  -89.673558934066307  -92.436540875497812  -90.163201987571227  -92.716036702441357
           008095028                   17                    1                    0              0.01867                    0                    0                    0    0.475864745883030                    0                    0                    0    0.136651760866234  -56.337846047968185  -59.850072726685106  -61.617191159516914  -64.837649000850362
           008247845                   18                    1                    0              0.00650                    0                    0                    0    0.285998832075493                    0                    0                    0    0.080612011236445  -75.350842106002403  -81.531659827558400  -84.165158511919131  -87.761502482459747
           008249139                   15                    1                    0              0.00139                    0                    0                    0    0.072285541662639                    0                    0                    0    0.037312682113386  -91.421896937020932  -89.014542552780100  -91.913123539808780  -95.944610011312051
           008282831                   16                    1                    1              0.00532                    0                    0    0.000164881697849    0.402250797636204                    0                    0    0.000051372524498    0.048539111377521  -71.385952174596227  -74.884924096727218  -78.222964790007282  -69.145152610191076
           008292758                   16                    1                    0              0.00215                    0                    0                    0    0.160103813032388                    0                    0                    0    0.046393170907081  -83.642935506071467  -86.121703150923025  -90.942684677720393  -95.486707575631542
           008355134                   17                    1                    0              0.01384                    0                    0                    0    0.155561706704839                    0                    0                    0    0.117642572569457  -56.907650100062227  -59.554971764751720  -62.234526978644787  -69.930332766964966
           008396230                   18                    1                    0              0.00439                    0                    0                    0    0.224475570330214                    0                    0                    0    0.066232743162750  -86.114685235868890  -88.303245563019800  -91.194216890422950  -94.834520072028809
           008414845                   19                    1                    0              0.00119                    0                    0                    0    0.091051642003483                    0                    0                    0    0.034435994170847 -116.034366211654230 -119.263396022629252 -122.011477325524467 -125.064371960367438
           008415004                   17                    1                    0              0.00409                    0                    0                    0    0.219919577137860                    0                    0                    0    0.063986227478284  -88.119385175307983  -90.882401976421875  -89.158997502066768  -90.635758746638302
           008429280                   18                    1                    0              0.00186                    0                    0                    0    0.164164606409598                    0                    0                    0    0.043098940370864 -100.058443087657082 -103.687723012490892 -108.023979219884865 -110.302875473451707
           008431229                   18                    1                    0              0.00259                    0                    0                    0    0.093521533198523                    0                    0                    0    0.050913491718571  -89.276490597457538  -92.567636726934637  -97.720237104040208 -104.304212025461297
           008454353                   17                    1                    0              0.00252                    0                    0                    0    0.214793335967915                    0                    0                    0    0.050166419644483  -95.890468450230117  -97.561094335268280  -94.277358295782008  -98.908706511068743
           008507979                   18                    1                    0              0.00664                    0                    0                    0    0.339432498940354                    0                    0                    0    0.081490487422144  -72.323159767116380  -77.639141194485234  -82.562040234135651  -87.371311676694461
           008509620                   15                    1                    0              0.00126                    0                    0                    0    0.103716535444586                    0                    0                    0    0.035499509484833  -90.350692641536014  -93.195067953677110  -93.788770556014313  -97.439041796643650
           008547842                   18                    1                    0              0.00171                    0                    0                    0    0.138332812903583                    0                    0                    0    0.041354826286770 -103.369457608422081 -104.419655515893140 -107.016886798920368 -111.790009511950274
           008590274                   15                    1                    0              0.00521                    0                    0                    0    0.149538620014149                    0                    0                    0    0.072149080888513  -65.933838025337764  -68.945398855888456  -71.842216757064676  -76.162571781138055
           008673358                   17                    1                    0              0.00251                    0                    0                    0    0.169566881992603                    0                    0                    0    0.050104963716226  -88.114941897202286  -92.850416953216779  -94.638747119755791  -98.950383443257167
           008776565                   17                    1                    0              0.00305                    0                    0                    0    0.098651038674680                    0                    0                    0    0.055267726053131  -89.175833425699963  -89.211818186970646  -91.853072120372872  -95.616035976927165
           008892124                   17                    1                    0              0.00134                    0                    0                    0    0.131544261727180                    0                    0                    0    0.036556769445664 -108.346364421038658 -107.447327860387759 -105.698811375330223 -109.669009235000132
           008957218                   15                    1                    3              0.00012   -0.000000000061116    0.000000069122590    0.000039266982861    0.003328706328599    0.000000000066067    0.000000176213152    0.000142275131901    0.033707954519009 -124.024533066053095 -122.031338174687320 -117.543770582796569 -120.689446259269360
           009048551                   15                    1                    0              0.00055                    0                    0                    0    0.051072948631376                    0                    0                    0    0.023459348879507 -102.694116950234132 -103.366192674370382 -105.948171709376481 -109.866535518058882
           009077192                   16                    1                    0              0.00133                    0                    0                    0    0.114270242179014                    0                    0                    0    0.036491721366409  -93.678164081425564  -97.837724920765709 -100.381448532934741 -103.168846669715251
           009117123                   17                    1                    0              0.00730                    0                    0                    0    0.276738838610249                    0                    0                    0    0.085460433792587  -68.329663848931801  -73.247600247449327  -75.683370426270528  -80.796646931378504
           009178425                   17                    1                    0              0.02193                    0                    0                    0    0.376426336301337                    0                    0                    0    0.148078153203459  -55.085394893994390  -57.910955832150300  -58.237657500346629  -62.107299457824624
           009401856                   17                    1                    0              0.00248                    0                    0                    0    0.089546437266030                    0                    0                    0    0.049834162472130  -89.579641660112287  -91.500677047160138  -94.351767733629572  -99.134640904464248
           009520089                   16                    1                    0              0.00217                    0                    0                    0    0.112509996504479                    0                    0                    0    0.046585941979889  -86.124188641826976  -88.371424950006059  -91.677148622724985  -95.354017921429900
           009640472                   19                    1                    0              0.41808                    0                    0                    0    0.703808267442384                    0                    0                    0    0.646589452620546   -4.121329951620829   -8.176364558390395   -9.560579055511459  -13.625222604505451
           009652680                   19                    1                    0              0.00481                    0                    0                    0    0.169342644465728                    0                    0                    0    0.069370587765187  -90.058117800527555  -93.645943196336063  -92.594675486960227  -98.450668752162358
           009726020                   14                    1                    0              0.00106                    0                    0                    0    0.127291541498874                    0                    0                    0    0.032501082502819  -85.729015887162547  -87.394584110597066  -88.759463700364080  -93.302435378203171
           009754973                   17                    1                    1              0.00041                    0                    0   -0.000033791702475    0.100617238696416                    0                    0    0.000013125056402    0.013059270154927 -121.060097015427814 -123.895587120592893 -126.743499844431852 -123.022351761732295
           009874575                   11                    1                    0              0.08113                    0                    0                    0    0.574322556549528                    0                    0                    0    0.284837058333411  -15.706712991443410  -18.038990803415757  -20.443887202027938  -25.230540449045847
           009965888                   10                    1                    0              0.13844                    0                    0                    0    0.891397233797041                    0                    0                    0    0.372073672648481  -11.034481048037549  -14.126716986782636  -14.108767124753578  -17.470682898271619
           009992083                   17                    1                    0              0.01421                    0                    0                    0    0.323806873442695                    0                    0                    0    0.119214171786620  -65.271793454925657  -67.348115329054252  -64.987338810501029  -69.479130436020654
           010002792                   15                    1                    0              0.00115                    0                    0                    0    0.147254934364194                    0                    0                    0    0.033906367115049  -87.480879586000412  -91.631207305356853  -94.618888305646010  -98.816523650764125
           010006986                   17                    1                    0              0.02907                    0                    0                    0    0.356474953865139                    0                    0                    0    0.170498833613064  -52.066274253722653  -54.448900880043865  -53.706888557286085  -57.313698646819972
           010063343                   16                    1                    0              1.00122                    0                    0                    0    0.648006571813188                    0                    0                    0    1.000611819773173   12.136133525757323    9.770106188204233    7.881145868805918    2.792160968248112
           010065745                   16                    1                    0              0.00265                    0                    0                    0    0.188703405815766                    0                    0                    0    0.051514435816908  -87.341398874515562  -89.466305994638915  -89.680573468711955  -92.135993788695487
           010067340                   16                    1                    0              0.00210                    0                    0                    0    0.212047104242602                    0                    0                    0    0.045834056222503  -90.430838235707938  -86.485968664626668  -90.685020264622167  -95.874703391061061
           010080792                   16                    1                    0              0.00106                    0                    0                    0    0.079683896022608                    0                    0                    0    0.032575530780866 -103.471855422999539  -99.230957253130470 -102.711220494683545 -106.801614861338621
           010146539                   15                    1                    0              0.00116                    0                    0                    0    0.106743045952108                    0                    0                    0    0.034092895317505  -96.220481496861581  -98.888901924026257  -95.657659572260116  -98.651937744712441
           010280184                    3                    1                    0              0.00067                    0                    0                    0    0.034609776409649                    0                    0                    0    0.025962646031691    0.000000000000000    0.000000000000000    0.000000000000000  -20.807966501809755
           010293980                   13                    1                    0              0.00084                    0                    0                    0    0.066479463541859                    0                    0                    0    0.028970316354290  -83.488865422205322  -84.906339344537287  -84.008769978974101  -89.513622869614878
           010320278                   15                    1                    0              0.00277                    0                    0                    0    0.108696606743421                    0                    0                    0    0.052625520855034  -81.509209030429091  -82.958239879566165  -81.341361909702869  -85.628572485270169
           010384891                   16                    1                    0              0.02796                    0                    0                    0    0.365795730863747                    0                    0                    0    0.167216016656668  -53.127843897874143  -55.773116944153308  -54.059071962107325  -54.458412542345961
           010394332                   17                    1                    0              0.00242                    0                    0                    0    0.193032158941955                    0                    0                    0    0.049181065621580  -88.354391553723033  -91.755032986789189  -95.249348648891328  -99.583170193893721
           010412044                   14                    1                    0              0.00181                    0                    0                    0    0.150201410807548                    0                    0                    0    0.042526551465049  -77.107017480531425  -79.910749010690694  -82.435197859122297  -85.774489087851649
           010459987                   12                    1                    0              0.00023                    0                    0                    0    0.038195429332661                    0                    0                    0    0.015110195095793  -92.494187113755018  -94.808201508745270  -96.982916134636611  -98.132347536143413
           010587237                   13                    1                    0              0.00192                    0                    0                    0    0.159122562953657                    0                    0                    0    0.043873489642440  -69.439266940262840  -72.503345644878479  -75.911501546997101  -78.722621211745064
           010677397                   14                    1                    0              0.00526                    0                    0                    0    0.264081285274022                    0                    0                    0    0.072553492193164  -64.309388251945194  -68.736414583792367  -70.462674013816653  -70.817015313494736
           010802309                   18                    1                    0              0.00168                    0                    0                    0    0.099151088669047                    0                    0                    0    0.041006572108068 -105.327814185424998 -106.548296954955816 -105.658783781468955 -112.094453715084612
           010857583                   17                    1                    0              0.00197                    0                    0                    0    0.144970669020101                    0                    0                    0    0.044369112312018  -97.995472262076532 -100.313067641566988  -98.308467190477387 -103.083985145528729
           010976930                   16                    1                    0              0.00105                    0                    0                    0    0.084531878612573                    0                    0                    0    0.032365545939745 -105.105318058890674 -106.883897557732013 -104.683308168083713 -107.008557482974837
           010991555                   14                    1                    0              0.00539                    0                    0                    0    0.172457622132188                    0                    0                    0    0.073384941455567  -61.001743287988319  -66.029461653195739  -66.053994182098890  -70.497965277716176
           011031746                   17                    1                    0              0.00220                    0                    0                    0    0.269787490234287                    0                    0                    0    0.046860221432137  -94.510041178532404  -96.378617427602080  -98.742215196732602 -101.226714753485922
           011033205                   15                    1                    0              0.00102                    0                    0                    0    0.093261176417964                    0                    0                    0    0.031964484799411 -100.152543826196506  -95.187815981442142  -96.824392514851510 -100.585845075110299
           011145819                   16                    1                    0              0.00250                    0                    0                    0    0.186512946771354                    0                    0                    0    0.049967945213509  -86.246041487245051  -90.451097201902968  -89.735625147702251  -93.111365673713962
           011186837                   17                    1                    0              0.00111                    0                    0                    0    0.129506437742627                    0                    0                    0    0.033372543093641 -104.185530813940389 -107.261350751105795 -108.708326273358296 -112.767527180814383
           011187057                   17                    1                    0              0.00182                    0                    0                    0    0.085876278130677                    0                    0                    0    0.042708059411286  -93.446736815860987  -96.592085637961674  -98.553821089786595 -104.381286129074766
           011243149                   18                    1                    0              0.00120                    0                    0                    0    0.063177530006882                    0                    0                    0    0.034652444719870 -105.610816403867474 -110.584325537760662 -111.488350984680309 -118.155560283470464
           011299675                   17                    1                    0              0.00081                    0                    0                    0    0.152428048408133                    0                    0                    0    0.028474279228384 -115.523654112032247 -114.645521391884756 -115.559494779364911 -118.164425457724036
           011455028                   16                    1                    0              0.00467                    0                    0                    0    0.245561687825673                    0                    0                    0    0.068321461132108  -75.922070080589293  -77.300493447062706  -80.584315917241383  -83.100414258125667
           011551430                   22                    1                    0              0.00626                    0                    0                    0    0.144885094007688                    0                    0                    0    0.079101540186026 -102.069379093548122 -102.389722088366838 -104.831241788696275 -108.537966599511279
           011560431                   17                    1                    0              0.00069                    0                    0                    0    0.078443019747845                    0                    0                    0    0.026248194484296 -114.417452706471337 -114.151097139371188 -116.853041803231022 -120.932161167206914
           011708843                   16                    1                    0              0.00113                    0                    0                    0    0.152052996556915                    0                    0                    0    0.033623976143455 -100.734008526044576 -102.387251646905710 -104.016888490503064 -105.787919783008675
           011817498                   16                    1                    0              0.00957                    0                    0                    0    0.586232991012986                    0                    0                    0    0.097829341040589  -69.104176089364387  -71.567545885155283  -71.117882814748029  -71.612394839218922
           011819949                   17                    1                    0              0.00103                    0                    0                    0    0.116383330901283                    0                    0                    0    0.032128140505682 -105.729978690518763 -108.553882757010371 -110.584798064403046 -114.059568030789322
           011910010                   14                    1                    0              0.05894                    0                    0                    0    0.369046297287057                    0                    0                    0    0.242765615984337  -30.138900342445119  -32.827872664415622  -31.936578158999787  -36.999390313224197
           011912947                   14                    1                    0              0.00133                    0                    0                    0    0.172434570886560                    0                    0                    0    0.036482990731918  -86.192660763332981  -89.031823194697864  -89.000283063111539  -90.066398432284785
           011955208                   14                    1                    0              0.00178                    0                    0                    0    0.186917663399162                    0                    0                    0    0.042208890460535  -84.322269849111834  -85.741520246673161  -84.351480237180212  -85.984426030227112
           011961075                   17                    1                    0              0.00159                    0                    0                    0    0.143124118861927                    0                    0                    0    0.039902694436006  -99.164735731962011 -100.360630071185881 -102.690652190991017 -106.691375195768089
           012021620                   16                    1                    2              0.02587                    0    0.000000592869622   -0.000715017215620    0.866723326349198                    0    0.000000353892236    0.000615950033108    0.234376636501542  -47.681849236155045  -50.158732719055884  -47.865565796083828  -43.824421776577012
           012156549                   21                    1                    0              0.00286                    0                    0                    0    0.169562942518459                    0                    0                    0    0.053457027784430 -113.102224207352535 -116.417586271493164 -113.382361681405413 -119.968318568548810
           012166457                   19                    1                    0              0.00506                    0                    0                    0    0.160123690803546                    0                    0                    0    0.071102265882045  -88.922450283770473  -91.630109475666984  -93.240998432407309  -97.513731822762210
           012218727                   17                    1                    0              0.00515                    0                    0                    0    0.168266560628843                    0                    0                    0    0.071786484848101  -76.077612809180266  -78.798575526595130  -81.551972799318392  -86.724794490564207
           012258225                   17                    1                    1              0.00124                    0                    0    0.000056027449219    0.121789884834739                    0                    0    0.000021528736624    0.019629106990307 -101.069378273353166 -104.028998420717642 -108.095384395530616 -103.624618172984356
           012365015                   16                    1                    0              0.00216                    0                    0                    0    0.312623497779306                    0                    0                    0    0.046468305308479  -94.916499659445606  -89.668126959450433  -92.096829092169642  -95.434925039592287
