#This is a file containing the data involved in the best fit of our KICs                                                                                                                                                                                                                                                                                                                                                
                #KIC                    N           group size          best degree            chiSquare                  X^3                  X^2                  X^1                  X^0               Error3               Error2               Error1               Error0                 BIC3                 BIC2                 BIC1                 BIC0
           001028018                   11                    1                    0              0.00009                    0                    0                    0    0.032688587347907                    0                    0                    0    0.009228544541920  -95.508792926726642  -98.317997205712615  -98.204760448864064 -100.682091201883381
           001572802                    9                    1                    0              0.00046                    0                    0                    0    0.035995252698866                    0                    0                    0    0.021547893931381  -65.810684561485161  -67.906282480102917  -67.728343382690881  -66.877364961652304
           001721614                    1                    1                    0              0.00000                    0                    0                    0    0.044031533831645                    0                    0                    0    0.000000000000000    0.000000000000000    0.000000000000000    0.000000000000000                 -inf
                   0                    0                    0                    0                    0                    0                    0                    0                    0                    0                    0                    0                    0                    0                    0                    0                    0
           002692704                    1                    1                    0              0.00000                    0                    0                    0    0.015927208386471                    0                    0                    0    0.000000000000000    0.000000000000000    0.000000000000000    0.000000000000000                 -inf
           002985366                    4                    1                    0              0.00003                    0                    0                    0    0.020837730841734                    0                    0                    0    0.005429495699774    0.000000000000000    0.000000000000000    0.000000000000000  -40.340977817432062
           003103752                    1                    1                    0              0.00000                    0                    0                    0    0.016088785892550                    0                    0                    0    0.000000000000000    0.000000000000000    0.000000000000000    0.000000000000000                 -inf
                   0                    0                    0                    0                    0                    0                    0                    0                    0                    0                    0                    0                    0                    0                    0                    0                    0
           003219623                    4                    1                    0              0.00013                    0                    0                    0    0.022559742316725                    0                    0                    0    0.011604413199230    0.000000000000000    0.000000000000000    0.000000000000000  -34.264664078979528
           003228918                    1                    1                    0              0.00000                    0                    0                    0    0.020394019958430                    0                    0                    0    0.000000000000000    0.000000000000000    0.000000000000000    0.000000000000000                 -inf
           003340807                    9                    1                    0              0.00112                    0                    0                    0    0.034264447189629                    0                    0                    0    0.033501802781516  -52.327598454932875  -55.028415174629203  -56.978828516945619  -58.933583912721907
           003430287                   12                    1                    0              0.00025                    0                    0                    0    0.038448335385606                    0                    0                    0    0.015956817665804  -89.209432568360185  -91.071373045488826  -93.607836528202142  -96.823951779380934
           003439831                    6                    1                    0              0.00005                    0                    0                    0    0.022464069937353                    0                    0                    0    0.006750364142501    0.000000000000000  -54.611557188505799  -56.374363811064903  -58.186146472959763
                   0                    0                    0                    0                    0                    0                    0                    0                    0                    0                    0                    0                    0                    0                    0                    0                    0
           003528198                    6                    1                    0              0.00006                    0                    0                    0    0.021913249069055                    0                    0                    0    0.007693528443146    0.000000000000000  -54.615832711880174  -54.775211313534733  -56.616749716024401
           003530387                    6                    1                    0              0.00001                    0                    0                    0    0.027338244128510                    0                    0                    0    0.003176840122389    0.000000000000000  -66.839941988160390  -66.683350737496937  -67.230659511744093
           003539632                    5                    1                    0              0.00002                    0                    0                    0    0.018849459105127                    0                    0                    0    0.004690408390328    0.000000000000000    0.000000000000000  -50.926519304351281  -52.012918322424298
           003540728                   11                    1                    0              0.00010                    0                    0                    0    0.031702731056053                    0                    0                    0    0.010096974826279  -91.546398735886868  -93.990119335297209  -95.889303910194670  -98.703532014528008
           003541346                   10                    1                    0              0.00018                    0                    0                    0    0.029505664154164                    0                    0                    0    0.013379987063584  -84.890329246847614  -83.367999770929998  -84.718753379712709  -83.977318729600924
           003831911                   13                    1                    0              0.00005                    0                    0                    0    0.022515454714449                    0                    0                    0    0.006894976967157 -122.324862633921526 -124.206895435368779 -126.329161952593509 -126.836065457202650
           003834913                   12                    1                    0              0.00019                    0                    0                    0    0.028988521514750                    0                    0                    0    0.013854970007274  -94.525569757259547  -98.285295411563197  -96.549867754258145 -100.213763720479022
           003836772                   14                    1                    0              0.00052                    0                    0                    0    0.047335365350295                    0                    0                    0    0.022869317846076  -93.121012578626292  -95.074230930680514  -98.360945387307723 -103.143797438143110
           004142137                    9                    1                    0              0.00046                    0                    0                    0    0.031756500327407                    0                    0                    0    0.021540358526429  -63.717647866949314  -60.727472994465487  -63.745242245033886  -66.883660751469364
                   0                    0                    0                    0                    0                    0                    0                    0                    0                    0                    0                    0                    0                    0                    0                    0                    0
           004271063                   11                    1                    0              0.00059                    0                    0                    0    0.052010439480928                    0                    0                    0    0.024333730066293  -74.813549974326577  -77.362851423340061  -76.079014559329082  -79.351724823093278
           004390744                    8                    1                    0              0.00061                    0                    0                    0    0.037162929791871                    0                    0                    0    0.024611218268226  -53.735338176651581  -58.342453890659357  -58.911497756406547  -57.193405063583555
           004474916                    2                    1                    0              0.00002                    0                    0                    0    0.016529187405301                    0                    0                    0    0.004343349286256    0.000000000000000    0.000000000000000    0.000000000000000  -21.063290833650786
           004543412                   11                    1                    0              0.00011                    0                    0                    0    0.029322513317611                    0                    0                    0    0.010298473371632  -91.905784901605216  -93.456485942710472  -95.931798744545304  -98.268816170919905
           004588115                    2                    1                    0              0.00000                    0                    0                    0    0.015895414879738                    0                    0                    0    0.000753522358604    0.000000000000000    0.000000000000000    0.000000000000000  -28.069860288797848
           004665568                    5                    1                    0              0.00002                    0                    0                    0    0.020493425065093                    0                    0                    0    0.004653189023044    0.000000000000000    0.000000000000000  -50.594465470043282  -52.092586917932564
           004953358                   11                    1                    0              0.00008                    0                    0                    0    0.029564387767171                    0                    0                    0    0.009135087428882  -95.125872997302992  -97.709042059437323  -99.702020493219365 -100.906020132861300
           005018976                    4                    1                    0              0.00013                    0                    0                    0    0.024277437404200                    0                    0                    0    0.011201135784183    0.000000000000000    0.000000000000000    0.000000000000000  -34.547626411045179
           005094011                    8                    1                    0              0.00025                    0                    0                    0    0.038200142829334                    0                    0                    0    0.015800849186705  -59.769344189429781  -61.616810431151407  -63.661315362477225  -64.283623968711566
           005097379                   11                    1                    0              0.00042                    0                    0                    0    0.033180559625397                    0                    0                    0    0.020561184257600  -79.287133298715133  -78.263746068217742  -80.169326669468958  -83.057810006677840
           005254896                    9                    1                    0              0.00013                    0                    0                    0    0.024934524811171                    0                    0                    0    0.011608869596016  -73.933286972307016  -76.052986595729806  -77.934831735107153  -78.010520771206103
           005301955                   11                    1                    0              0.00019                    0                    0                    0    0.035752096636374                    0                    0                    0    0.013806209431888  -88.980539399570205  -86.845497988778831  -88.631643901163130  -91.820114969329452
           005426665                    1                    1                    0              0.00000                    0                    0                    0    0.020898144214366                    0                    0                    0    0.000000000000000    0.000000000000000    0.000000000000000    0.000000000000000                 -inf
                   0                    0                    0                    0                    0                    0                    0                    0                    0                    0                    0                    0                    0                    0                    0                    0                    0
                   0                    0                    0                    0                    0                    0                    0                    0                    0                    0                    0                    0                    0                    0                    0                    0                    0
           005693926                   12                    1                    0              0.00386                    0                    0                    0    0.051773903475544                    0                    0                    0    0.062115747078945  -60.770117085607531  -59.778444005019480  -61.126142182675579  -64.205231255105332
           005694127                   11                    1                    0              0.00005                    0                    0                    0    0.024201818508510                    0                    0                    0    0.006744018367342 -105.028199499034770 -104.779368053153561 -105.365009145137535 -107.582290092311595
           005822633                   16                    1                    0              0.00189                    0                    0                    0    0.140336185879827                    0                    0                    0    0.043508790698573  -90.148818151919812  -92.597116689631150  -94.555291217975295  -97.540764118696586
           005956051                   11                    1                    0              0.00014                    0                    0                    0    0.030699202446015                    0                    0                    0    0.011683928040636  -90.898309020229192  -93.026300148468195  -92.016567336523181  -95.492007899160313
           005962532                    8                    1                    0              0.00001                    0                    0                    0    0.017307782878261                    0                    0                    0    0.003636713531047  -86.326053033391759  -88.396982656850568  -88.231503198596400  -87.787356558441175
           005982499                    1                    1                    0              0.00000                    0                    0                    0    0.012867920467254                    0                    0                    0    0.000000000000000    0.000000000000000    0.000000000000000    0.000000000000000                 -inf
           006032448                   15                    1                    0              0.00017                    0                    0                    0    0.036393189096695                    0                    0                    0    0.013054394703176 -118.930662429758314 -121.904295986629435 -124.232102742128944 -127.450863090094188
           006035535                   14                    1                    0              0.00067                    0                    0                    0    0.056911394102932                    0                    0                    0    0.025950625659480  -99.175368674182153  -90.985401120375116  -95.098128588596865  -99.604610335516000
           006117832                   15                    1                    0              0.00042                    0                    0                    0    0.060105493706139                    0                    0                    0    0.020403502557754 -106.500949088088163 -110.290806329573883 -111.287061572885705 -114.053410764761793
           006203421                   11                    1                    0              0.00009                    0                    0                    0    0.023683903842644                    0                    0                    0    0.009557535456211  -94.894582205190005  -95.141254557316529  -97.034385315922961  -99.911463144880386
           006283344                    2                    1                    0              0.00002                    0                    0                    0    0.017127955775817                    0                    0                    0    0.004351172164677    0.000000000000000    0.000000000000000    0.000000000000000  -21.056092847584111
           006365076                    3                    1                    0              0.00001                    0                    0                    0    0.020598219900274                    0                    0                    0    0.003774558038013    0.000000000000000    0.000000000000000    0.000000000000000  -32.378219586280608
           006619830                   15                    1                    0              0.00123                    0                    0                    0    0.101691576767720                    0                    0                    0    0.035062815320886  -92.963342267786629  -93.177609700054120  -96.003905307099586  -97.810372877815851
           006692180                    3                    1                    0              0.00000                    0                    0                    0    0.015922264122722                    0                    0                    0    0.001430699898379    0.000000000000000    0.000000000000000    0.000000000000000  -38.198936801458743
           006717216                    3                    1                    0              0.00000                    0                    0                    0    0.013795074554514                    0                    0                    0    0.001947353737565    0.000000000000000    0.000000000000000    0.000000000000000  -36.349091025546016
           006780052                    9                    1                    0              0.00003                    0                    0                    0    0.020021419919259                    0                    0                    0    0.005337672606742  -87.040499030005506  -89.146616225736082  -89.784651615893807  -91.996155546774006
           006865416                    5                    1                    0              0.00000                    0                    0                    0    0.018929572175510                    0                    0                    0    0.001028598755171    0.000000000000000    0.000000000000000  -65.596076789195351  -67.186140435975304
           006871390                   15                    1                    0              0.00046                    0                    0                    0    0.055840043371891                    0                    0                    0    0.021412944726190 -104.421092331746934 -107.599156258283372 -109.833857022125741 -112.604739181346886
           007039421                    4                    1                    0              0.00452                    0                    0                    0    0.061302632273219                    0                    0                    0    0.067265948958039    0.000000000000000    0.000000000000000    0.000000000000000  -20.206514674005234
           007117293                    6                    1                    0              0.00003                    0                    0                    0    0.020602794797126                    0                    0                    0    0.005679588477410    0.000000000000000  -56.921462656504858  -58.891520465222300  -60.258758531178955
                   0                    0                    0                    0                    0                    0                    0                    0                    0                    0                    0                    0                    0                    0                    0                    0                    0
           007294867                   11                    1                    0              0.00006                    0                    0                    0    0.035097350967915                    0                    0                    0    0.007486270952381 -100.665990861332318 -103.154066902094044 -105.590332646315701 -105.285163190568468
                   0                    0                    0                    0                    0                    0                    0                    0                    0                    0                    0                    0                    0                    0                    0                    0                    0
           007547969                   14                    1                    0              0.00058                    0                    0                    0    0.045373041079175                    0                    0                    0    0.024066742835885  -94.148513412706592  -94.804296447693403  -95.938951856734420 -101.714824661638474
           007618645                    1                    1                    0              0.00000                    0                    0                    0    0.016809622124190                    0                    0                    0    0.000000000000000    0.000000000000000    0.000000000000000    0.000000000000000                 -inf
           007664485                    1                    1                    0              0.00000                    0                    0                    0    0.013493792141820                    0                    0                    0    0.000000000000000    0.000000000000000    0.000000000000000    0.000000000000000                 -inf
           007733540                    8                    1                    0              0.00010                    0                    0                    0    0.021566563993672                    0                    0                    0    0.009751025811177  -67.405232931598903  -69.544316384103709  -71.142183923142440  -72.006683067982806
           007739728                    2                    1                    0              0.00020                    0                    0                    0    0.027857803202500                    0                    0                    0    0.014238537819829    0.000000000000000    0.000000000000000    0.000000000000000  -16.314065057288641
           007741987                   13                    1                    0              0.00018                    0                    0                    0    0.033108245489997                    0                    0                    0    0.013267709588563 -106.218071226128686 -107.632900804480386 -107.718935760581218 -109.818023844945387
           007910731                   15                    1                    0              0.00215                    0                    0                    0    0.139430117298218                    0                    0                    0    0.046396004557625  -78.876382170325485  -82.722374275977955  -84.806147000582087  -89.408207762778702
           007954705                   13                    1                    0              0.00079                    0                    0                    0    0.053360209751625                    0                    0                    0    0.028106585520026  -87.478372762291869  -90.169075607486292  -91.386150235436233  -90.300586261426261
           007957881                   15                    1                    0              0.00037                    0                    0                    0    0.036415546648366                    0                    0                    0    0.019143318970318 -105.644563089442386 -108.242778218715301 -111.157582500089518 -115.965994890770602
           007985370                    4                    1                    0              0.00019                    0                    0                    0    0.023858748892118                    0                    0                    0    0.013776728169855    0.000000000000000    0.000000000000000    0.000000000000000  -32.891901437563504
           008095028                   14                    1                    0              0.00066                    0                    0                    0    0.036192410959355                    0                    0                    0    0.025700367932744  -93.299674022483202  -93.929988758675549  -94.166715452989166  -99.875941850944216
           008247845                   14                    1                    0              0.00150                    0                    0                    0    0.073707128929042                    0                    0                    0    0.038721421137718  -79.498196787744277  -81.962138319186025  -84.599261013267466  -88.399087471074736
           008249139                    4                    1                    0              0.00002                    0                    0                    0    0.016817210933256                    0                    0                    0    0.003989369054067    0.000000000000000    0.000000000000000    0.000000000000000  -42.806683178058435
           008355134                   10                    1                    0              0.00090                    0                    0                    0    0.066843157605187                    0                    0                    0    0.029977737459681  -62.217870437511891  -62.205413638686224  -65.025414060751686  -67.843420056574132
           008396230                   16                    1                    0              0.00149                    0                    0                    0    0.056477416813536                    0                    0                    0    0.038593328580261  -94.677154303411868  -97.202821026045484  -98.024627738864439 -101.377038546792747
           008414845                    5                    1                    0              0.00001                    0                    0                    0    0.020358792366324                    0                    0                    0    0.002424767054190    0.000000000000000    0.000000000000000  -58.417440177737454  -58.610760280912444
           008415004                   13                    1                    0              0.00006                    0                    0                    0    0.035228645530711                    0                    0                    0    0.007704335032549 -121.198199400664151 -123.091818302238124 -122.550378507677422 -123.950325692404135
           008429280                   14                    1                    0              0.00064                    0                    0                    0    0.038109839076961                    0                    0                    0    0.025362689774345  -87.813056308981018  -93.156678743033737  -99.194087230940980 -100.246273229034443
           008454353                   13                    1                    0              0.00019                    0                    0                    0    0.033052252941486                    0                    0                    0    0.013852021347929 -102.972842706514555 -106.089546998570285 -104.753305755526199 -108.697477536311752
           008507979                   15                    1                    0              0.00080                    0                    0                    0    0.068795195428944                    0                    0                    0    0.028289912439493  -91.556692756621928  -95.213104830267511 -101.819779760810619 -104.249449462237450
           008509620                   10                    1                    0              0.00005                    0                    0                    0    0.020673886992237                    0                    0                    0    0.006898917920757  -94.896704146341278  -97.139157150224804  -95.926561556654676  -97.225228962119843
           008547842                    4                    1                    0              0.00001                    0                    0                    0    0.018568646404180                    0                    0                    0    0.003090928026628    0.000000000000000    0.000000000000000    0.000000000000000  -44.847976846249871
           008590274                   13                    1                    0              0.00030                    0                    0                    0    0.036978926416395                    0                    0                    0    0.017219221827820  -98.363113388799860  -98.220008083468286  -99.090452914675197 -103.040003889207796
           008673358                    7                    1                    0              0.00008                    0                    0                    0    0.033140732488846                    0                    0                    0    0.008828758954783  -55.502502404104582  -58.329088269482895  -61.549786437530095  -64.270461372473690
           008776565                    1                    1                    0              0.00000                    0                    0                    0    0.038384403995964                    0                    0                    0    0.000000000000000    0.000000000000000    0.000000000000000    0.000000000000000                 -inf
                   0                    0                    0                    0                    0                    0                    0                    0                    0                    0                    0                    0                    0                    0                    0                    0                    0
                   0                    0                    0                    0                    0                    0                    0                    0                    0                    0                    0                    0                    0                    0                    0                    0                    0
           009077192                   10                    1                    0              0.00008                    0                    0                    0    0.024306930283703                    0                    0                    0    0.008951260448054  -85.594298223174789  -87.890180541932949  -89.569363097320306  -92.016633395535123
           009117123                   17                    1                    0              0.00036                    0                    0                    0    0.040734940617179                    0                    0                    0    0.018898100380871 -124.503269800214539 -126.484946560149837 -127.485416942178261 -132.102378267106587
           009178425                    6                    1                    0              0.00011                    0                    0                    0    0.029023121999809                    0                    0                    0    0.010497652277012    0.000000000000000  -52.593158590236456  -50.873477494687506  -52.887484204588773
           009401856                    6                    1                    0              0.00001                    0                    0                    0    0.016224402917404                    0                    0                    0    0.002942703191458    0.000000000000000  -66.825427540095390  -66.356344537507937  -68.149360537083496
           009520089                   11                    1                    0              0.00045                    0                    0                    0    0.038047513230480                    0                    0                    0    0.021318915903960  -75.100999279857319  -78.922414202585529  -81.885661555672925  -82.261636381915238
           009640472                   10                    1                    0              0.00093                    0                    0                    0    0.056024139786273                    0                    0                    0    0.030426751148099  -59.577490127811259  -58.837522615851654  -61.804091518708610  -67.546076617833663
           009652680                   13                    1                    0              0.00061                    0                    0                    0    0.040684693621726                    0                    0                    0    0.024660124223528  -95.102910483521910  -93.718176627303791  -92.780385897664189  -93.701811981551373
                   0                    0                    0                    0                    0                    0                    0                    0                    0                    0                    0                    0                    0                    0                    0                    0                    0
           009965888                    4                    1                    0              0.00001                    0                    0                    0    0.018863902051863                    0                    0                    0    0.003748812732135    0.000000000000000    0.000000000000000    0.000000000000000  -43.304234390029080
           010002792                    6                    1                    0              0.00054                    0                    0                    0    0.045068745311633                    0                    0                    0    0.023323928746984    0.000000000000000  -41.225573085774244  -40.881858924076745  -43.307546057366437
           010006986                    8                    1                    0              0.00003                    0                    0                    0    0.023679663897974                    0                    0                    0    0.005333550503863  -76.365612324739544  -78.145942064478646  -79.185235681974902  -81.660368486562660
           010063343                   15                    1                    0              0.00080                    0                    0                    0    0.054752860656168                    0                    0                    0    0.028352883566864  -93.704177363519705  -97.169512861123209  -99.774820056616775 -104.182746024814705
           010065745                   11                    1                    0              0.00016                    0                    0                    0    0.025713589914075                    0                    0                    0    0.012824244092212  -86.931662618251352  -88.987907861357002  -90.699416766085932  -93.443296983698687
           010067340                    5                    1                    0              0.00002                    0                    0                    0    0.022922954525135                    0                    0                    0    0.004549203533946    0.000000000000000    0.000000000000000  -51.175915227535093  -52.318593175828923
           010146539                    2                    1                    0              0.00002                    0                    0                    0    0.017079475377563                    0                    0                    0    0.004363556504361    0.000000000000000    0.000000000000000    0.000000000000000  -21.044724187936573
                   0                    0                    0                    0                    0                    0                    0                    0                    0                    0                    0                    0                    0                    0                    0                    0                    0
           010320278                   12                    1                    0              0.00039                    0                    0                    0    0.034699665999606                    0                    0                    0    0.019701886104162  -86.253761050275642  -86.812561749103224  -90.294787552595849  -91.764075106045681
           010412044                   10                    1                    0              0.00010                    0                    0                    0    0.030975587701241                    0                    0                    0    0.009776403519167  -81.766230058709198  -83.908408376188774  -87.076714881630252  -90.253086924890582
           010459987                    1                    1                    0              0.00000                    0                    0                    0    0.013427385635033                    0                    0                    0    0.000000000000000    0.000000000000000    0.000000000000000    0.000000000000000                 -inf
           010587237                   10                    1                    0              0.00025                    0                    0                    0    0.036138483360732                    0                    0                    0    0.015655660318687  -78.301290801949747  -79.759839888728493  -80.518317837323323  -80.835869820641548
           010677397                   12                    1                    0              0.00047                    0                    0                    0    0.044875115770912                    0                    0                    0    0.021785633587787  -82.830135131599874  -83.017503288946614  -85.547858123758175  -89.351202218148060
           010802309                    5                    1                    0              0.00003                    0                    0                    0    0.017799735053913                    0                    0                    0    0.005599296535689    0.000000000000000    0.000000000000000  -48.599249079703618  -50.241705165153078
           010857583                    2                    1                    0              0.00020                    0                    0                    0    0.031946528364595                    0                    0                    0    0.013978345621496    0.000000000000000    0.000000000000000    0.000000000000000  -16.387836371951515
           011087527                    4                    1                    0              0.00004                    0                    0                    0    0.017683283800826                    0                    0                    0    0.006373528811448    0.000000000000000    0.000000000000000    0.000000000000000  -39.058521552840055
           011145819                    4                    1                    0              0.00001                    0                    0                    0    0.015845002682113                    0                    0                    0    0.003361463035157    0.000000000000000    0.000000000000000    0.000000000000000  -44.176737420063368
           011186837                    5                    1                    0              0.00006                    0                    0                    0    0.023549655460790                    0                    0                    0    0.007498353836107    0.000000000000000    0.000000000000000  -48.116516756431380  -47.321279798066087
           011187057                    4                    1                    0              0.00039                    0                    0                    0    0.031061698152293                    0                    0                    0    0.019817025904790    0.000000000000000    0.000000000000000    0.000000000000000  -29.983416171660476
           011243149                    3                    1                    0              0.00015                    0                    0                    0    0.033694579892193                    0                    0                    0    0.012084101123255    0.000000000000000    0.000000000000000    0.000000000000000  -25.396575594131765
           011299675                    9                    1                    0              0.00029                    0                    0                    0    0.035825418844003                    0                    0                    0    0.017031548370446  -69.744730230280169  -69.645306400373272  -69.596477911461534  -71.111157051584783
           011551430                    2                    1                    0              0.00001                    0                    0                    0    0.016676865374113                    0                    0                    0    0.003383592888373    0.000000000000000    0.000000000000000    0.000000000000000  -22.062121416758799
           011560431                    4                    1                    0              0.00021                    0                    0                    0    0.023936275768672                    0                    0                    0    0.014634952646740    0.000000000000000    0.000000000000000    0.000000000000000  -32.408446394566951
           011708843                   11                    1                    0              0.00011                    0                    0                    0    0.030679524045268                    0                    0                    0    0.010717941987236  -92.204425403041199  -94.601121816790709  -97.046762955067791  -97.390499379794917
           011817498                   14                    1                    0              0.00176                    0                    0                    0    0.059507171569790                    0                    0                    0    0.041962000452881  -76.769635341219484  -79.789287074359478  -82.990523294145987  -86.148685668323935
           011819949                    6                    1                    0              0.00037                    0                    0                    0    0.035471750007742                    0                    0                    0    0.019135399794959    0.000000000000000  -44.034679366928572  -43.822548186634990  -45.682823734001325
           011910010                    4                    1                    0              0.00006                    0                    0                    0    0.023571019980881                    0                    0                    0    0.007712980993663    0.000000000000000    0.000000000000000    0.000000000000000  -37.532509848707186
           011912947                    9                    1                    0              0.00023                    0                    0                    0    0.030501034012712                    0                    0                    0    0.015095092551650  -70.871955605134616  -71.825459267442653  -71.243177800395145  -73.283715944807625
           011961075                    1                    1                    0              0.00000                    0                    0                    0    0.018434055516870                    0                    0                    0    0.000000000000000    0.000000000000000    0.000000000000000    0.000000000000000                 -inf
           012121936                    2                    1                    0              0.00000                    0                    0                    0    0.019370682467548                    0                    0                    0    0.002211554227302    0.000000000000000    0.000000000000000    0.000000000000000  -23.763091780875321
           012156549                    4                    1                    0              0.00001                    0                    0                    0    0.018204675530567                    0                    0                    0    0.003430083050820    0.000000000000000    0.000000000000000    0.000000000000000  -44.015072079123044
           012166457                   13                    1                    0              0.00039                    0                    0                    0    0.052697385106874                    0                    0                    0    0.019868187623268  -94.428510687845247  -90.218081938243088  -94.467381536762147  -99.319572038109186
           012218727                    2                    1                    0              0.00055                    0                    0                    0    0.046281777703877                    0                    0                    0    0.023368891798883    0.000000000000000    0.000000000000000    0.000000000000000  -14.332251024929949
           012258225                   11                    1                    0              0.00042                    0                    0                    0    0.039343137134912                    0                    0                    0    0.020519019096616  -75.132267347726980  -79.681379933191991  -80.711702681303748  -83.102972094090205
