#This is a file containing the data involved in the best fit of our KICs                                                                                                                                                                                                                                                                                                                                                
                #KIC                    N           group size          best degree               chi_sq                  X^3                  X^2                  X^1                  X^0               Error3               Error2               Error1               Error0                 BIC3                 BIC2                 BIC1                 BIC0
           001028018                   16                    1                    0              0.00112                    0                    0                    0    0.065331947036120                    0                    0                    0    0.033500232780840  -90.971830210584443 -100.073913890158565 -102.267405423069945 -105.905903805550849
           001572802                   14                    1                    0              0.00072                    0                    0                    0    0.069679571759802                    0                    0                    0    0.026913863895200  -93.275562102317323  -95.906401503817449  -98.590740874860259  -98.584127354031551
           001721614                   11                    1                    0              0.00017                    0                    0                    0    0.032809165937351                    0                    0                    0    0.012984324669922  -81.649662797371917  -84.433354843238064  -88.666261870291422  -93.170378488541104
           001722506                    1                    1                    0              0.00000                    0                    0                    0    0.016640240717249                    0                    0                    0    0.000000000000000    0.000000000000000    0.000000000000000    0.000000000000000                 -inf
           002692704                    9                    1                    0              0.00002                    0                    0                    0    0.021386345339827                    0                    0                    0    0.004745203579287  -93.832558422636765  -95.745608846738421  -94.190732986627978  -94.113952412527070
           002985366                   11                    1                    0              0.00746                    0                    0                    0    0.080130571433467                    0                    0                    0    0.086394317032988  -46.028440633252977  -46.374447198017720  -48.938007167658199  -51.476439096365851
           003103752                   15                    1                    0              0.00011                    0                    0                    0    0.034964100545890                    0                    0                    0    0.010563231557690 -119.131192491348486 -121.898597463562979 -129.705417784165917 -133.803230662823921
           003128488                    5                    1                    0              0.00017                    0                    0                    0    0.027556554494143                    0                    0                    0    0.013224848067199    0.000000000000000    0.000000000000000  -37.904678932926906  -41.647139983628584
           003219623                   10                    1                    0              0.00019                    0                    0                    0    0.027583110020677                    0                    0                    0    0.013827713696063  -78.573208606941108  -78.540628235834617  -79.409701585918626  -83.319024142800870
           003228918                    3                    1                    0              0.00002                    0                    0                    0    0.025766097008854                    0                    0                    0    0.004104872454904    0.000000000000000    0.000000000000000    0.000000000000000  -31.874871354707910
           003340807                   17                    1                    0              0.00107                    0                    0                    0    0.048396867756740                    0                    0                    0    0.032780972830623 -105.862955621586934 -105.111421417468392 -108.492938481353889 -113.375625626322375
           003430287                   15                    1                    0              0.00128                    0                    0                    0    0.076791234864436                    0                    0                    0    0.035834341897057  -95.579818990996358  -90.992053662843418  -93.641335709419991  -97.157407034325288
           003439831                   17                    1                    0              0.00122                    0                    0                    0    0.077740149059314                    0                    0                    0    0.034999696683777 -102.973725307698842 -104.901835461930347 -107.626701321383976 -111.148926702018400
                   0                    0                    0                    0                    0                    0                    0                    0                    0                    0                    0                    0                    0                    0                    0                    0                    0
           003528198                   12                    1                    0              0.00031                    0                    0                    0    0.039206219204478                    0                    0                    0    0.017735104300082  -90.496607250397389  -91.890336064716934  -91.121398536166794  -94.288116784043552
           003530387                   10                    1                    0              0.00008                    0                    0                    0    0.038783245372431                    0                    0                    0    0.008930578602863  -88.919719773858475  -89.573298420835499  -89.649666797033305  -92.062896767784437
           003539632                    9                    1                    2              0.00010                    0    0.000000067188867   -0.000132624457298    0.086136477553624                    0    0.000000039902837    0.000080209381783    0.037808128194940  -75.955138224643008  -76.568649395070480  -71.393257296974681  -74.360418530882328
           003540728                   14                    1                    0              0.00037                    0                    0                    0    0.061752378488176                    0                    0                    0    0.019319432687013 -107.514415925778351 -108.823713738583038 -108.978530291413861 -107.866969480728002
           003541346                   15                    1                    0              0.00031                    0                    0                    0    0.047175456161463                    0                    0                    0    0.017494439370739 -115.256773809677384 -117.920707827440836 -115.874582504775162 -118.668115762582133
           003557532                    6                    1                    0              0.00009                    0                    0                    0    0.031734593785594                    0                    0                    0    0.009427789576936    0.000000000000000  -54.211901840380371  -52.654967675453619  -54.177363888064548
           003759394                   13                    1                    0              0.00076                    0                    0                    0    0.073941700782449                    0                    0                    0    0.027529154340165  -81.442106640485491  -85.625227391132313  -87.328626194676275  -90.840302271991206
           003831911                   15                    1                    0              0.00021                    0                    0                    0    0.047283019660086                    0                    0                    0    0.014650355946712 -118.073500790893746 -120.441375079416574 -122.633057723821310 -123.990669212207024
           003834913                   16                    1                    0              0.00053                    0                    0                    0    0.042018952464033                    0                    0                    0    0.023090623829245 -115.295128268116429 -117.507268328727804 -113.298116438453249 -117.813927715836058
           003836772                   16                    1                    0              0.00122                    0                    0                    0    0.078268548856358                    0                    0                    0    0.034980172691204  -94.794023067915546  -95.678229625618371  -98.813072188519300 -104.522575199308903
           004036736                    9                    1                    3              0.00004   -0.000000000267658    0.000000586580860   -0.000364033096172    0.082406027951945    0.000000000174428    0.000000401576465    0.000286838953812    0.062429372811319  -81.970665469126530  -79.492823563028708  -80.832526282655152  -79.439228501439970
           004070633                   14                    1                    0              0.00578                    0                    0                    0    0.112921032995124                    0                    0                    0    0.076004724322136  -64.592389049260234  -66.782389454737299  -68.711937277363774  -69.515816468228479
           004142137                   14                    1                    3              0.00017    0.000000000294933   -0.000000795369388    0.000630306549784   -0.090219342680812    0.000000000075578    0.000000208928775    0.000176163334714    0.043930798111046 -110.852044021901179  -96.606592316805006  -98.201314260580972 -103.522051664833953
           004142890                    1                    1                    0              0.00000                    0                    0                    0    0.014398619427989                    0                    0                    0    0.000000000000000    0.000000000000000    0.000000000000000    0.000000000000000                 -inf
           004271063                   13                    1                    0              0.00082                    0                    0                    0    0.074875870835820                    0                    0                    0    0.028703111219606  -78.120811697487014  -81.363317470677572  -85.820842306881303  -89.754544330456483
           004352328                    3                    1                    0              0.00000                    0                    0                    0    0.017862109645989                    0                    0                    0    0.001475137872232    0.000000000000000    0.000000000000000    0.000000000000000  -38.015410636487516
           004355503                    5                    1                    0              0.00003                    0                    0                    0    0.019747606563065                    0                    0                    0    0.005735118776766    0.000000000000000    0.000000000000000  -48.432123268469574  -50.002030265146054
           004390744                   13                    1                    0              0.00111                    0                    0                    0    0.065052844880405                    0                    0                    0    0.033352845139440  -84.656332333591806  -82.097907795293438  -83.461043654065861  -85.850967809567678
           004474916                   11                    1                    0              0.00093                    0                    0                    0    0.061335853240668                    0                    0                    0    0.030467061062831  -70.017120554545329  -70.527134910518967  -71.000819436112153  -74.406505897498931
           004543412                   13                    1                    0              0.00031                    0                    0                    0    0.054072154655531                    0                    0                    0    0.017543775991402 -102.384871491684962 -103.719851644012792 -103.144879343223195 -102.554507587274387
           004588115                    4                    1                    0              0.00001                    0                    0                    0    0.021275054644841                    0                    0                    0    0.003172837543927    0.000000000000000    0.000000000000000    0.000000000000000  -44.638737376565807
           004953358                   16                    1                    0              0.00041                    0                    0                    0    0.044601256207481                    0                    0                    0    0.020363635533723 -114.648763638601409 -118.010591095488252 -119.571075508679826 -121.835556579524649
           005018976                   13                    1                    0              0.00033                    0                    0                    0    0.033393917452892                    0                    0                    0    0.018238171049861 -100.675304683634693 -102.546497195837688 -100.126195186875137 -101.545253482108222
           005094011                   16                    1                    0              0.00117                    0                    0                    0    0.075066989148486                    0                    0                    0    0.034225607412422  -95.677756904940537  -98.505779572949976 -100.254231894660350 -105.220408408684492
           005097379                   13                    1                    0              0.00089                    0                    0                    0    0.051771021234054                    0                    0                    0    0.029878239949744  -81.274040281991773  -83.143222331468650  -85.719213871137612  -88.711296077201823
           005254896                   12                    1                    0              0.00045                    0                    0                    0    0.051684712383239                    0                    0                    0    0.021264838691450  -87.190524800416398  -86.594190730332485  -89.662111549223170  -89.931901412804166
           005344895                   12                    1                    1              0.00036                    0                    0   -0.000024152489572    0.057189438325929                    0                    0    0.000006915093422    0.006999593107697  -83.196671953166558  -90.970202657572273  -90.309633453710603  -86.425862288894578
           005426665                   10                    1                    0              0.00080                    0                    0                    0    0.062623977718253                    0                    0                    0    0.028260129480617  -65.350877539044674  -67.621230603858592  -69.810923628295811  -69.023481306474793
           005510843                   12                    1                    0              0.00068                    0                    0                    0    0.066667725912423                    0                    0                    0    0.025999843965242  -82.046679373046089  -83.372828827297795  -85.046880617267760  -85.107047165783854
           005514871                    8                    1                    0              0.01008                    0                    0                    0    0.097900824886538                    0                    0                    0    0.100391603240885  -36.520585916446905  -29.589869801469813  -31.262833454659212  -34.699385790813899
           005560421                   13                    1                    0              0.00052                    0                    0                    0    0.047584454069577                    0                    0                    0    0.022787438040254  -86.317766781341703  -88.094674698112726  -90.762400411361995  -95.755242950654420
           005607145                   14                    1                    0              0.00023                    0                    0                    0    0.032121362177112                    0                    0                    0    0.015018059484795 -109.576637516767690 -110.757225475752350 -113.410424558653318 -114.918994089931047
           005608384                   17                    1                    0              0.01993                    0                    0                    0    0.356973395908545                    0                    0                    0    0.141188919903457  -62.843198132129672  -62.815623881017736  -63.961399141328634  -63.727105205927359
           005693926                   17                    1                    0              0.00655                    0                    0                    0    0.090370117993226                    0                    0                    0    0.080928076542109  -74.307589084341132  -74.685231863618839  -78.583696314042101  -82.649398387404176
           005694127                   17                    1                    0              0.00019                    0                    0                    0    0.038695531943280                    0                    0                    0    0.013648743997586 -133.441698308331155 -136.486680027993543 -138.778862297380641 -143.166451054008576
           005786382                   14                    1                    0              0.00087                    0                    0                    0    0.058342433408490                    0                    0                    0    0.029436514406218  -88.241991713259154  -90.263594998435565  -92.056276252230987  -96.075485552831012
           005822633                   17                    1                    0              0.00184                    0                    0                    0    0.191208444441283                    0                    0                    0    0.042920959984553  -99.674234217238606  -98.318614287325403 -101.432096054875842 -104.212216473529907
           005956051                   14                    1                    0              0.00109                    0                    0                    0    0.072702312907552                    0                    0                    0    0.032990060997846  -83.753077928612669  -85.805952114447791  -88.038316204105072  -92.884313123762368
           005962532                   15                    1                    0              0.00007                    0                    0                    0    0.029030258914817                    0                    0                    0    0.008078134932175 -135.795806483615451 -136.008171113861295 -138.645639495627393 -141.849777548476709
           005962956                   16                    1                    0              0.00083                    0                    0                    0    0.067490207274842                    0                    0                    0    0.028770193368344 -107.788170784730426 -106.894329565254097 -105.613921996919629 -110.776703446126362
           005982499                   10                    1                    0              0.00029                    0                    0                    0    0.038318170061583                    0                    0                    0    0.016920168262516  -73.341840468596487  -75.759322648925462  -78.005123230436809  -79.282394512213060
           006032448                   17                    1                    0              0.00027                    0                    0                    0    0.058800516049088                    0                    0                    0    0.016444663274305 -134.311176892491829 -131.862770975439332 -133.542275753079224 -136.830432020276476
           006035535                   16                    1                    0              0.00075                    0                    0                    0    0.098517660343856                    0                    0                    0    0.027336880290222 -102.683941344256993 -104.614296072068967 -108.584889772085788 -112.412005264624668
           006117832                   16                    1                    0              0.00086                    0                    0                    0    0.094322270885907                    0                    0                    0    0.029345129947683 -101.047138201648096 -103.988926159849896 -106.995648785682036 -110.143528932424388
           006129451                   13                    1                    0              0.00029                    0                    0                    0    0.040802186797895                    0                    0                    0    0.017158225052725  -98.959670174245815  -98.571389968755526  -99.737224293316345 -103.132268903665533
           006203421                   14                    1                    0              0.00026                    0                    0                    0    0.041543211104069                    0                    0                    0    0.016138888929463 -105.019692501125505 -107.376396698129895 -109.651606565660600 -112.903599496408219
           006283344                   16                    1                    0              0.00462                    0                    0                    0    0.122765644929809                    0                    0                    0    0.067987680729592  -72.848012898213227  -75.145091501218531  -77.237629023149722  -83.257131468474483
           006365076                    7                    1                    0              0.00024                    0                    0                    0    0.033880186716665                    0                    0                    0    0.015493462443246  -52.735055573202182  -51.579792278496882  -53.682495661295619  -56.396809557339360
           006423857                   13                    1                    0              0.00045                    0                    0                    0    0.074495477374649                    0                    0                    0    0.021245236930932  -98.125676267977610  -98.847757337106032  -98.030529736011914  -97.577237024765296
           006619830                   16                    1                    0              0.00267                    0                    0                    0    0.175417834027724                    0                    0                    0    0.051680763229501  -89.546508820386222  -87.201144135984322  -89.812468385585106  -92.032840117573102
           006692180                    7                    1                    0              0.00010                    0                    0                    0    0.030205498533520                    0                    0                    0    0.010192479372104  -55.849992242824719  -56.843731238812524  -59.162744844367957  -62.259561910397856
           006717216                   11                    1                    0              0.00003                    0                    0                    0    0.022571583859641                    0                    0                    0    0.005864500769451 -105.031160702325337 -107.419165191656433 -109.828510957002024 -110.656538984755173
           006779613                   18                    1                    0              0.00102                    0                    0                    0    0.076915394897306                    0                    0                    0    0.031862522573200 -115.299927698724289 -116.777365951800903 -117.578630875490802 -121.177321071750285
           006780052                   14                    1                    0              0.00009                    0                    0                    0    0.031330146081394                    0                    0                    0    0.009285581320159 -119.115968829725986 -121.524746880875483 -125.011366299492209 -128.381132043516828
           006836589                   11                    1                    0              0.00033                    0                    0                    0    0.043256569901104                    0                    0                    0    0.018108562163669  -84.410332650471787  -82.341976672323639  -82.306388615114258  -85.852253633806157
           006865416                   10                    1                    0              0.00012                    0                    0                    0    0.034224057627016                    0                    0                    0    0.010848701756072  -78.348577929841426  -83.243787516824682  -86.103195594223337  -88.171612106465602
           006871390                   16                    1                    0              0.00154                    0                    0                    0    0.102598415818590                    0                    0                    0    0.039276442045108  -96.324285547807506  -96.796151619262915  -96.395373532231773 -100.815583402499968
           007033830                   15                    1                    0              0.00017                    0                    0                    0    0.041710646173569                    0                    0                    0    0.012939447780958 -123.598485064227617 -125.847616208726478 -127.480602873782033 -127.716189784027293
           007039421                   16                    1                    0              0.00195                    0                    0                    0    0.045812681374875                    0                    0                    0    0.044200859188364  -86.176377883555901  -91.418511974814223  -93.506217095612797  -97.035764923732984
           007117293                   11                    1                    0              0.00019                    0                    0                    0    0.039861273136702                    0                    0                    0    0.013885554085144  -90.804631415648970  -90.861358058664194  -89.168832768497964  -91.694042308947374
           007131515                   13                    1                    0              0.00014                    0                    0                    0    0.035670341470439                    0                    0                    0    0.011838683269786 -105.816342521507949 -107.620601298043681 -109.765717260686898 -112.781005159388883
           007264976                    1                    1                    0              0.00000                    0                    0                    0    0.017663685634365                    0                    0                    0    0.000000000000000    0.000000000000000    0.000000000000000    0.000000000000000                 -inf
           007294867                   16                    1                    0              0.00066                    0                    0                    0    0.060654626490706                    0                    0                    0    0.025728257749452 -101.331550721484049 -104.883048008405098 -110.725649726793065 -114.352703047009157
           007459173                    5                    1                    0              0.00016                    0                    0                    0    0.026434416408661                    0                    0                    0    0.012672922136006    0.000000000000000    0.000000000000000  -40.425309572913768  -42.073438857430233
           007547969                   17                    1                    0              0.00110                    0                    0                    0    0.074895833042670                    0                    0                    0    0.033166605982561 -103.323711138913026 -105.751697697353251 -107.291123873992433 -112.977986263345983
           007618645                    5                    1                    0              0.00005                    0                    0                    0    0.025228673265806                    0                    0                    0    0.007185000285943    0.000000000000000    0.000000000000000  -43.720555801655543  -47.748159284105490
           007664485                    8                    1                    0              0.00003                    0                    0                    0    0.024883236675547                    0                    0                    0    0.005831736684135  -76.902065041163866  -77.904526322047516  -79.595729464200289  -80.231605425963792
           007733540                   14                    1                    0              0.00031                    0                    0                    0    0.042163641103747                    0                    0                    0    0.017665824820080 -100.817559477173475 -104.291467827945056 -106.801304234217781 -110.372395264343183
           007739728                    5                    1                    0              0.00022                    0                    0                    0    0.027020082573155                    0                    0                    0    0.014719925150023    0.000000000000000    0.000000000000000  -37.968264522560318  -40.576094593678604
           007740983                   12                    1                    1              0.00005                    0                    0   -0.000011505735315    0.037034991660212                    0                    0    0.000006092458776    0.006015119344786 -111.130254426850797 -113.360737853095401 -115.004543228464954 -112.598946567910573
           007741987                   17                    1                    0              0.00036                    0                    0                    0    0.073525894568579                    0                    0                    0    0.018966812873190 -133.108662787742759 -129.400146249684070 -130.088756640007261 -131.978980266026639
           007910731                   15                    1                    0              0.00247                    0                    0                    0    0.192995899633983                    0                    0                    0    0.049710906218476  -79.263650047358752  -82.302052473711086  -83.588755272009564  -87.337877667025808
           007954705                   16                    1                    0              0.00212                    0                    0                    0    0.099275738767408                    0                    0                    0    0.046015736456833  -90.268453079461622  -90.847110448450067  -93.796534518846272  -95.748110289189739
           007957881                   16                    1                    0              0.00135                    0                    0                    0    0.065331429293254                    0                    0                    0    0.036689419109038  -89.716179864703733  -92.751917495887923  -97.172285550309198 -102.995951218428942
           007985370                   11                    1                    0              0.00076                    0                    0                    0    0.032095626394015                    0                    0                    0    0.027573611114063  -75.566003342153408  -73.860620586772470  -73.146569244106203  -76.601818546339700
           008093473                   14                    1                    0              0.00052                    0                    0                    0    0.042848454324522                    0                    0                    0    0.022803329089385  -93.438178342345765  -97.402768312452835 -100.771575230587970 -103.224707418055061
           008095028                   16                    1                    0              0.00150                    0                    0                    0    0.116413771619905                    0                    0                    0    0.038697323043741  -89.743405407792665  -94.423400967310897  -97.183692073334669 -101.290926584488105
           008247845                   17                    1                    0              0.00333                    0                    0                    0    0.119412516041621                    0                    0                    0    0.057692800316365  -84.075737058757682  -87.462091882687190  -90.058453790826334  -94.155964954458398
           008249139                    7                    1                    0              0.00004                    0                    0                    0    0.023581319736849                    0                    0                    0    0.006342691956560  -69.514849431643881  -66.733654353466576  -68.652713187202778  -68.900417876467273
           008282831                   15                    1                    0              0.01160                    0                    0                    0    0.174635817575256                    0                    0                    0    0.107703091743168  -57.295633395212164  -60.012617331726616  -62.593354458452467  -64.143259446056604
           008292758                   15                    1                    0              0.00034                    0                    0                    0    0.045223002520783                    0                    0                    0    0.018423996353347 -115.271741004413201 -111.427667806610316 -112.018399796167657 -117.114989230695585
           008355134                   11                    1                    0              0.00305                    0                    0                    0    0.104182628173731                    0                    0                    0    0.055204926252989  -53.999047984639795  -56.795039184168274  -59.660291786668168  -61.329572618486495
           008396230                   18                    1                    0              0.00221                    0                    0                    0    0.099669562513585                    0                    0                    0    0.046976303261963  -99.889157448197352 -103.390399048646486 -103.112337732414858 -107.201659894063866
           008414845                   14                    1                    1              0.00004                    0                    0   -0.000010632400219    0.036969385205637                    0                    0    0.000004721407260    0.004775460086042 -134.484511268215982 -135.708683585524909 -138.223942567015314 -134.461467903797740
           008415004                   16                    1                    0              0.00055                    0                    0                    0    0.066678249633904                    0                    0                    0    0.023545600115511 -110.653519742822652 -111.805386162897918 -113.970883751313181 -117.189533120577693
           008429280                   15                    1                    0              0.00090                    0                    0                    0    0.073728628195040                    0                    0                    0    0.029944543303452  -90.498912848195019  -96.356833895098930 -101.039124209079432 -102.544194735720566
           008431229                   12                    1                    0              0.00108                    0                    0                    0    0.033620187322095                    0                    0                    0    0.032788466796697  -77.880005949440317  -80.528806541010468  -75.852084688440755  -79.539376089671549
           008454353                   17                    1                    0              0.00082                    0                    0                    0    0.060928219264456                    0                    0                    0    0.028698475972118 -109.931713634338365 -110.316943163095999 -112.568436579911307 -117.897769483816958
           008507979                   18                    1                    1              0.00091                    0                    0   -0.000053076461422    0.134628180279662                    0                    0    0.000018056218442    0.018358988083596 -108.626403608320487 -114.706140278253571 -120.351675160207151 -115.393712313900480
           008509620                   15                    1                    0              0.00027                    0                    0                    0    0.042390352499399                    0                    0                    0    0.016455052768473 -115.489127474461895 -113.655306452564773 -116.970623361831628 -120.505630491600584
           008547842                   15                    1                    0              0.00025                    0                    0                    0    0.036838740612092                    0                    0                    0    0.015957481964225 -112.591434736819878 -113.000602357910921 -117.752594559755096 -121.426773931081954
           008590274                   15                    1                    0              0.00047                    0                    0                    0    0.052596654016461                    0                    0                    0    0.021752027970146 -104.893349478929736 -105.607196600330298 -107.457289110512079 -112.133398372516794
           008673358                   15                    1                    0              0.00065                    0                    0                    0    0.054734403568277                    0                    0                    0    0.025469180673558  -98.410089133043670 -101.475392165040461 -103.086900187879934 -107.400534562956480
           008776565                    6                    1                    0              0.00101                    0                    0                    0    0.038552217769856                    0                    0                    0    0.031843335091829    0.000000000000000  -38.975265748299051  -37.559035683576319  -39.571366668511665
           008892124                   16                    1                    2              0.00041                    0    0.000000154532930   -0.000271016785414    0.148677009042370                    0    0.000000040380225    0.000070158839435    0.027499951838614 -113.827698064425576 -116.519137499662278 -106.977040304133951 -111.517416653092440
           008957218                    1                    1                    0              0.00000                    0                    0                    0    0.015962430985741                    0                    0                    0    0.000000000000000    0.000000000000000    0.000000000000000    0.000000000000000                 -inf
                   0                    0                    0                    0                    0                    0                    0                    0                    0                    0                    0                    0                    0                    0                    0                    0                    0
           009077192                   14                    1                    0              0.00094                    0                    0                    0    0.047889287804826                    0                    0                    0    0.030617674836385  -90.303216471177279  -92.820065916320758  -95.426790102156687  -94.973921847202874
           009117123                   17                    1                    0              0.00052                    0                    0                    0    0.067336538819862                    0                    0                    0    0.022873527138432 -116.167373871535986 -119.346754666723740 -121.942731301000151 -125.611138603615956
           009178425                   13                    1                    0              0.00230                    0                    0                    0    0.068924904032583                    0                    0                    0    0.047977998835285  -71.855712192303315  -74.221619285274429  -72.627286216258625  -76.397381642049496
           009401856                   11                    1                    0              0.00031                    0                    0                    0    0.043459418576147                    0                    0                    0    0.017747774642773  -87.112381242536742  -81.850975387751873  -83.081502346795617  -86.294997876691212
           009520089                   15                    1                    0              0.00072                    0                    0                    0    0.053371098458244                    0                    0                    0    0.026924382719331  -96.581872340761635  -99.897399913798907 -103.301107188286011 -105.733639262876707
           009640472                   18                    1                    0              0.00919                    0                    0                    0    0.139098050832399                    0                    0                    0    0.095875874931665  -68.483040138365624  -70.848345810399536  -73.360039151560230  -81.518860411068758
           009652680                   17                    1                    0              0.00097                    0                    0                    0    0.063726768773568                    0                    0                    0    0.031161328222275 -112.124527389620155 -110.466758999472546 -109.131669410661942 -115.098419378376519
           009726020                   12                    1                    0              0.00027                    0                    0                    0    0.059197227402951                    0                    0                    0    0.016309410417212  -88.896168484992984  -89.176030687229968  -92.728654317812612  -96.299405627382129
           009754973                   11                    1                    0              0.00040                    0                    0                    0    0.033332298090484                    0                    0                    0    0.019923030508196  -77.657625872689636  -80.252426432010552  -81.267389867289012  -83.751440625130144
           009874575                   17                    1                    2              0.00426                    0    0.000000154466703   -0.000180762124786    0.131864508609785                    0    0.000000107213556    0.000181099782464    0.066733203313057  -81.712711014665089  -84.290301431220826  -82.372180302211802  -80.696070907396987
           009965888                   13                    1                    0              0.00617                    0                    0                    0    0.151812428177908                    0                    0                    0    0.078553222949018  -57.477795179840925  -55.770654345846964  -58.389551474183939  -63.578501641643093
           009992083                   17                    1                    0              0.00226                    0                    0                    0    0.096736643414659                    0                    0                    0    0.047584691544281  -95.077455472054922 -100.362567897629447  -97.035438036658419 -100.705088629189973
           010002792                   13                    1                    0              0.00060                    0                    0                    0    0.053962315062922                    0                    0                    0    0.024573649378674  -90.163357622984236  -90.199750093925644  -89.387951881521573  -93.793145556605637
           010006986                   13                    1                    3              0.00025    0.000000000324136   -0.000000820513131    0.000580330077403   -0.061555069398064    0.000000000110120    0.000000284060143    0.000217674083366    0.047081530168963  -97.483360393815786  -89.560895551050663  -92.196198112633979  -94.277299893021052
           010063343                   18                    1                    0              0.00223                    0                    0                    0    0.093858638932195                    0                    0                    0    0.047172781831277 -104.824566473683532  -99.884883672914327 -101.342953347757685 -107.051403760261593
           010065745                   14                    1                    0              0.00039                    0                    0                    0    0.055004551437299                    0                    0                    0    0.019825015235035 -101.263402897688295 -103.216290314281949 -104.097104399735073 -107.143643473982266
           010067340                   10                    1                    3              0.00010    0.000000000324731   -0.000000985045983    0.000921223377064   -0.217240850763170    0.000000000140918    0.000000405340750    0.000363179192424    0.098232695565156  -83.012512694014717  -76.458773867606126  -77.292879783754671  -79.920720846726780
                   0                    0                    0                    0                    0                    0                    0                    0                    0                    0                    0                    0                    0                    0                    0                    0                    0
           010146539                    8                    1                    0              0.00014                    0                    0                    0    0.025192489718864                    0                    0                    0    0.011878138371012  -63.311978823994245  -65.061623625772256  -66.989967954770904  -68.849449339977085
           010280184                    1                    1                    0              0.00000                    0                    0                    0    0.030245779042673                    0                    0                    0    0.000000000000000    0.000000000000000    0.000000000000000    0.000000000000000                 -inf
           010293980                    2                    1                    0              0.00015                    0                    0                    0    0.029959622479974                    0                    0                    0    0.012384186775541    0.000000000000000    0.000000000000000    0.000000000000000  -16.872192340417030
           010320278                   13                    1                    0              0.00070                    0                    0                    0    0.059828661212434                    0                    0                    0    0.026395124009880  -84.182843758994707  -86.765763750845366  -88.578866800946741  -91.934026187118462
           010384891                   16                    1                    0              0.00129                    0                    0                    0    0.090687039546112                    0                    0                    0    0.035915144947923  -99.769117399928007 -100.443706158571615 -103.489449922989905 -103.678489921063147
           010394332                   15                    1                    0              0.00081                    0                    0                    0    0.062890972134485                    0                    0                    0    0.028414359183507  -96.847164445934482  -98.796047633317158 -100.916035292543825 -104.117769495010378
           010412044                   14                    1                    0              0.00052                    0                    0                    0    0.046941955849172                    0                    0                    0    0.022849457225559 -103.009232164885063 -101.214291684404003 -101.153055211221812 -103.168124310794298
           010459987                    2                    1                    0              0.00000                    0                    0                    0    0.019118191546492                    0                    0                    0    0.000118287787485    0.000000000000000    0.000000000000000    0.000000000000000  -35.476412922406432
           010587237                   13                    1                    0              0.00039                    0                    0                    0    0.061528871050750                    0                    0                    0    0.019759039329627  -88.124855855915996  -91.217483374940883  -96.744513540824457  -99.462799966453730
           010677397                   13                    1                    0              0.00065                    0                    0                    0    0.094462135332399                    0                    0                    0    0.025474216415871  -88.606632244977760  -89.280992404581866  -92.350704199156667  -92.857350584120354
           010802309                   13                    1                    0              0.00087                    0                    0                    0    0.041932162169857                    0                    0                    0    0.029491957744185  -85.035390214918536  -86.453513133727995  -84.382592221910897  -89.049630105303535
           010857583                   12                    1                    0              0.00025                    0                    0                    0    0.029629851574965                    0                    0                    0    0.015669339752300  -94.481171204210682  -95.771865372845184  -92.868076237449998  -97.260277942387034
           010976930                   13                    1                    2              0.00011                    0    0.000000046167930   -0.000051071917916    0.041957786247812                    0    0.000000025160435    0.000043479982659    0.016431149324591 -107.476941549730697 -110.244407963990596 -106.809483933549700 -101.749047253792156
           010991555                   13                    1                    1              0.00074                    0                    0    0.000047355091734    0.024089863283583                    0                    0    0.000022377131826    0.017800226928317  -84.813412579480016  -87.340873458927618  -88.635775435013400  -83.336326105775143
           011031746                   16                    1                    0              0.00050                    0                    0                    0    0.101956138532529                    0                    0                    0    0.022387699700184 -113.120935944570036 -114.362802012315768 -116.912397553806173 -118.803206204817300
           011033205                   12                    1                    0              0.00026                    0                    0                    0    0.035948169324945                    0                    0                    0    0.016206505597177  -91.419231073092845  -92.561972126709932  -94.700769984603426  -96.451314245000475
           011145819                    9                    1                    0              0.00004                    0                    0                    0    0.025357259087488                    0                    0                    0    0.006072274365816  -85.989479617512430  -86.550268114580931  -88.412335911770057  -89.675172403638669
           011186837                   17                    1                    0              0.00040                    0                    0                    0    0.051124517515121                    0                    0                    0    0.020055838529293 -122.374037316849567 -125.523362446906077 -127.242521157779095 -130.080775607082330
           011187057                   11                    1                    0              0.00071                    0                    0                    0    0.044134368933868                    0                    0                    0    0.026589664259521  -73.216927775699162  -72.173959234303936  -73.141118847989034  -77.401224135479339
           011243149                   10                    1                    3              0.00009    0.000000000202102   -0.000000558149779    0.000478451306965   -0.104379474870390    0.000000000160310    0.000000476964865    0.000444365549569    0.128156806315480  -83.892460400977541  -77.755998321810566  -76.125710560366144  -77.772315824324338
           011299675                   16                    1                    0              0.00051                    0                    0                    0    0.055954668148992                    0                    0                    0    0.022516494271100 -117.872012868884354 -112.113118803442035 -115.229356792207014 -118.619640385829413
           011455028                   14                    1                    0              0.00110                    0                    0                    0    0.058936916745937                    0                    0                    0    0.033174706479099  -85.143432269798637  -87.710224619074424  -90.347776130423597  -92.728033971164038
           011551430                   11                    1                    0              0.00079                    0                    0                    0    0.038504233486840                    0                    0                    0    0.028091681501650  -68.414369810181597  -71.684784064209396  -74.095883777889640  -76.192303852843992
           011560431                    7                    1                    3              0.00001    0.000000000035804   -0.000000052966335    0.000029359492023    0.009511154121639    0.000000000053156    0.000000134581882    0.000102645298435    0.020741999831669  -72.698274058501042  -66.224114943571394  -56.261534369668624  -54.259910180561313
           011708843                   16                    1                    0              0.00050                    0                    0                    0    0.063531907253294                    0                    0                    0    0.022406914164013 -112.919100439042722 -113.287729722328550 -115.842658870374521 -118.775753668576698
           011817498                   17                    1                    0              0.00584                    0                    0                    0    0.151146752143510                    0                    0                    0    0.076405616953085  -75.030720320787381  -80.225698016625955  -80.507267961621380  -84.604554872193177
           011819949                   13                    1                    3              0.00019   -0.000000000120754    0.000000354919184   -0.000297643472949    0.100254927060945    0.000000000084004    0.000000220200507    0.000171046658709    0.036723446998691 -101.458377252532742  -96.301838821894691  -94.357595895249375  -98.796553133958952
           011910010                   12                    1                    3              0.00040   -0.000000000454358    0.000001398596260   -0.001357474737877    0.442469450482180    0.000000000180215    0.000000504025687    0.000431835224157    0.112233608073888  -84.067614000932750  -79.197613371072322  -74.487694466501978  -73.519209573074306
           011912947                   13                    1                    0              0.00047                    0                    0                    0    0.046689257513606                    0                    0                    0    0.021641181943026  -98.150451890197630  -96.786505163490403  -91.998619117880281  -97.097138051997817
           011955208                   13                    1                    0              0.00066                    0                    0                    0    0.072680758531114                    0                    0                    0    0.025672362263596  -84.612246810339684  -88.556332690988427  -89.619675099486258  -92.655897507585948
           011961075                    6                    1                    0              0.00009                    0                    0                    0    0.023793284190437                    0                    0                    0    0.009249206568339    0.000000000000000  -50.840430951757796  -53.533178133057859  -54.406850621163379
           012021620                   16                    1                    3              0.00631    0.000000000516328   -0.000001166325703    0.000859356407350   -0.094425963119603    0.000000000448810    0.000001169201792    0.000922105962551    0.209257997829062  -69.947298453437952  -65.719436740117985  -64.058804046183909  -63.345327531816970
           012156549                   13                    1                    0              0.00023                    0                    0                    0    0.036259014406232                    0                    0                    0    0.015098510646836 -102.813040388101413 -104.937961676031392 -106.163113974313461 -106.457189132365158
           012166457                   16                    1                    0              0.00055                    0                    0                    0    0.065930764625966                    0                    0                    0    0.023480342414143 -108.444906233378958 -109.879567654171083 -112.972469884857574 -117.278345706647968
           012218727                   10                    1                    0              0.00040                    0                    0                    0    0.061133914214822                    0                    0                    0    0.020106932842873  -70.017122389141775  -69.096340683514043  -71.215550946098503  -75.831227023638007
           012258225                   17                    1                    1              0.00068                    0                    0    0.000039779237227    0.037547043698934                    0                    0    0.000016724615839    0.015002310951179 -114.479203528902303 -117.242858572709480 -118.361071312921894 -115.977503192700325
           012365015                   16                    1                    0              0.00100                    0                    0                    0    0.130411004020632                    0                    0                    0    0.031564532170439  -99.549828223207001 -101.256677005297789 -104.251191310968466 -107.810489307237276
