#This is a file containing the data involved in the best fit of our KICs                                                                                                                                                                                                                                                                                                                                                
                #KIC                    N           group size          best degree            chiSquare                  X^3                  X^2                  X^1                  X^0               Error3               Error2               Error1               Error0                 BIC3                 BIC2                 BIC1                 BIC0
           001028018                   17                    1                    0              0.00213                    0                    0                    0    0.114431788446593                    0                    0                    0    0.046118139567097  -85.194512364707450  -94.881732403309883  -97.691827097018191 -101.769450050060598
           001572802                   15                    1                    0              0.00930                    0                    0                    0    0.170569822061161                    0                    0                    0    0.096445848237448  -58.329824353921978  -60.973108410571271  -63.591233215016317  -67.455157388093596
           001721614                   15                    1                    0              0.00063                    0                    0                    0    0.049292945276608                    0                    0                    0    0.025133707272530 -102.953127032231464 -101.592582002892243 -104.402459433662884 -107.798312234786763
           001722506                   13                    1                    0              0.00041                    0                    0                    0    0.033553186771930                    0                    0                    0    0.020129364627237  -92.301441616054547  -96.653554120301067  -95.813433970210880  -98.980016328446354
           002692704                   15                    1                    0              0.00037                    0                    0                    0    0.043375254646767                    0                    0                    0    0.019274836400990 -112.493796285009878 -115.567705193765974 -116.062677953434971 -115.760595214769793
           002985366                   16                    1                    0              0.07201                    0                    0                    0    0.351108285496672                    0                    0                    0    0.268351220559107  -27.942458093738708  -32.049087573242858  -35.068346045342423  -39.322087501269735
           003103752                   16                    1                    0              0.00015                    0                    0                    0    0.065283832355929                    0                    0                    0    0.012148899101958 -128.792092450740199 -130.381375126043508 -135.328446288943496 -138.363946387941610
           003128488                   12                    1                    0              0.00102                    0                    0                    0    0.044668865193305                    0                    0                    0    0.031933661359719  -72.776141816798642  -72.310921718168032  -75.350469262909613  -80.173364002239964
           003219623                   15                    1                    0              0.00063                    0                    0                    0    0.038789854814299                    0                    0                    0    0.025191669762419 -104.307826409427804 -101.122055965987542 -103.881440671850356 -107.729206921800980
           003228918                   10                    1                    0              0.01014                    0                    0                    0    0.120296041244813                    0                    0                    0    0.100700584087677  -40.113140002888841  -42.250955507728470  -41.282871360248443  -43.609488486997847
           003340807                   18                    1                    0              0.00125                    0                    0                    0    0.068396997540052                    0                    0                    0    0.035416473564413 -105.475805748746524 -108.691522430804696 -112.217789652701939 -117.370443879846050
           003430287                   17                    1                    0              0.00471                    0                    0                    0    0.156204474732960                    0                    0                    0    0.068603181217127  -80.635563847326267  -82.341681188058715  -84.351142693654694  -88.266943300476171
           003439831                   17                    1                    0              0.00368                    0                    0                    0    0.192055630374340                    0                    0                    0    0.060629427932756  -82.631703488629995  -84.421587386293652  -87.760847250430260  -92.467933063012822
           003526481                    6                    1                    0              0.00146                    0                    0                    0    0.034289011460433                    0                    0                    0    0.038269643341869    0.000000000000000  -32.269133720173137  -34.528857881533959  -37.365420120098776
           003528198                   15                    1                    0              0.00055                    0                    0                    0    0.065485286174946                    0                    0                    0    0.023504002561810  -99.973806082734342 -100.844158471926704 -104.980052122831296 -109.809486315577345
           003530387                   13                    1                    0              0.00063                    0                    0                    0    0.066861127057118                    0                    0                    0    0.025033783438726  -92.433622698521830  -91.751684389957489  -94.135925615705162  -93.310805391331456
           003539632                   14                    1                    0              0.00046                    0                    0                    0    0.047200441371565                    0                    0                    0    0.021361614791566  -99.556355824143708  -99.450500478630630 -101.995010259726698 -105.053413399347050
           003540728                   20                    1                    0              0.00121                    0                    0                    0    0.091266347371320                    0                    0                    0    0.034849460236239 -124.527931568125638 -128.482247528473351 -128.590751431958154 -131.272972930257538
           003541346                   16                    1                    0              0.00049                    0                    0                    0    0.072897148828806                    0                    0                    0    0.022220733982543 -110.778818222181897 -113.426649862104867 -115.338417555048352 -119.042754087313426
           003831911                   17                    1                    0              0.00034                    0                    0                    0    0.080355756190346                    0                    0                    0    0.018573171936075 -125.748130552622925 -128.640527708994739 -130.973405548203687 -132.692048345172680
           003834913                   17                    1                    0              0.00072                    0                    0                    0    0.058071697833931                    0                    0                    0    0.026827053200642 -116.617433551282360 -118.960896754077822 -116.085365206262964 -120.190498052163193
           003836772                   17                    1                    0              0.00130                    0                    0                    0    0.117255648489383                    0                    0                    0    0.036038342551131 -100.665776621085300 -103.028150993455085 -105.872886736400801 -110.154629095136002
           004142137                   16                    1                    0              0.00083                    0                    0                    0    0.092048374133053                    0                    0                    0    0.028880343991909 -108.027466327009634 -105.819145022039464 -107.698001866896021 -110.654421004200842
           004158372                   13                    1                    0              0.00004                    0                    0                    0    0.026889416316905                    0                    0                    0    0.006086468792480 -125.466041353098149 -123.561511144603202 -126.362619445529859 -130.078917906551453
           004271063                   14                    1                    0              0.00175                    0                    0                    0    0.105968754541688                    0                    0                    0    0.041798615830150  -78.645125339266556  -81.803451603765723  -81.765179685976250  -86.257920185491585
           004390744                   16                    1                    0              0.00518                    0                    0                    0    0.154954020152406                    0                    0                    0    0.071968731580979  -79.873493097895860  -79.425946108377047  -77.071646636520654  -81.436164490305160
           004474916                   14                    1                    0              0.01101                    0                    0                    0    0.278313252346455                    0                    0                    0    0.104948955347778  -44.865665424416449  -50.406857590438200  -53.230652320289700  -60.480815894449051
           004543412                   17                    1                    0              0.00085                    0                    0                    0    0.080075989301082                    0                    0                    0    0.029122831276073 -109.478739086406890 -110.799434734831465 -114.739250843851053 -117.398702960701144
           004588115                   10                    1                    0              0.00003                    0                    0                    0    0.025107693102432                    0                    0                    0    0.005897187146495  -94.050580629358578  -95.586850653450540  -97.863840482560505 -100.363010838716306
           004665568                   13                    1                    0              0.00098                    0                    0                    0    0.063668704770633                    0                    0                    0    0.031261017560115  -79.701209965328658  -82.960741528800256  -84.232400102927741  -87.535019120835059
           004953358                   16                    1                    0              0.00103                    0                    0                    0    0.081155053978281                    0                    0                    0    0.032085109004369 -100.066879205115868 -100.060912444565560 -102.108633515539310 -107.287035291300626
           005018976                   14                    1                    0              0.00070                    0                    0                    0    0.067518801461371                    0                    0                    0    0.026466518320420  -91.936730631652807  -94.642493762479504  -96.559572453528716  -99.053437194558384
           005094011                   17                    1                    0              0.00204                    0                    0                    0    0.117804783068579                    0                    0                    0    0.045111964671517  -91.468653255034212  -95.015848621619909  -97.538342397568840 -102.519451026542740
           005097379                   14                    1                    0              0.00128                    0                    0                    0    0.083130898137419                    0                    0                    0    0.035816891651661  -82.807013552501473  -84.681744629233876  -86.909268205029107  -90.582341234630505
           005254896                   12                    1                    0              0.00062                    0                    0                    0    0.083909162834777                    0                    0                    0    0.024935595555873  -86.147411223186594  -81.687018008439310  -84.273647046853299  -86.110108292654402
           005301955                   15                    1                    0              0.00437                    0                    0                    0    0.122943215666739                    0                    0                    0    0.066117117096639  -69.572032813947985  -72.176521278613350  -75.216189960758669  -78.781778040671597
           005426665                    9                    1                    0              0.00909                    0                    0                    0    0.251877179984030                    0                    0                    0    0.095325007007736  -38.268293630933137  -36.900526997373703  -37.943247189813647  -40.111111217702351
           005534204                   17                    1                    0              0.01448                    0                    0                    0    0.225191832358559                    0                    0                    0    0.120350064213573  -63.094846246756234  -64.249792404595468  -65.943435815944085  -69.156706416617823
           005560421                   17                    1                    0              0.01684                    0                    0                    0    0.214034838011916                    0                    0                    0    0.129783644354280  -57.477011166768349  -59.989087746931041  -62.354244014770863  -66.590927287628404
           005693926                   18                    1                    0              0.00887                    0                    0                    0    0.147450239820459                    0                    0                    0    0.094205814567967  -73.711531515753492  -72.910842770139482  -76.830613688703096  -82.151469689190193
           005694127                   17                    1                    0              0.00025                    0                    0                    0    0.056722085624016                    0                    0                    0    0.015942586385586 -128.963065884693322 -131.717709012675925 -133.157989642145225 -137.884672937336688
           005822633                   17                    1                    0              0.00147                    0                    0                    0    0.249312657629795                    0                    0                    0    0.038287670059026 -103.222525505736670 -102.075597730660263 -104.888154866238366 -108.096117072745457
           005956051                   17                    1                    0              0.00628                    0                    0                    0    0.154248522876634                    0                    0                    0    0.079272580043351  -73.206814541994177  -72.849672005859134  -75.671263732888008  -83.352128150178700
           005962532                   16                    1                    0              0.00148                    0                    0                    0    0.068165313751943                    0                    0                    0    0.038446592390661  -96.047759299215812  -96.249782964767917  -98.237667822852799 -101.498938042176093
           005982499                   11                    1                    0              0.00376                    0                    0                    0    0.144959660691873                    0                    0                    0    0.061327280460063  -57.286674561289978  -58.343921262971151  -57.554711905965561  -59.015775794574466
           006032448                   17                    1                    0              0.00048                    0                    0                    0    0.088363640496491                    0                    0                    0    0.021945728314655 -120.798458184200101 -120.705563423807860 -123.610358109462453 -127.019000775104161
           006035535                   17                    1                    0              0.00203                    0                    0                    0    0.147854762770107                    0                    0                    0    0.045058563815935  -97.952283660301973  -97.444495462938960  -98.829858786696335 -102.559722040420240
           006117832                   16                    1                    0              0.00256                    0                    0                    0    0.142871515360662                    0                    0                    0    0.050643350514444  -85.013967942956981  -87.854738246946823  -89.783606017259899  -92.681726155760714
           006203421                   16                    1                    0              0.00091                    0                    0                    0    0.074760903381530                    0                    0                    0    0.030145824356090 -108.287901048503642 -106.169384242894665 -107.039196433632441 -109.282094831438229
           006283344                   17                    1                    0              0.03094                    0                    0                    0    0.525175363466567                    0                    0                    0    0.175901718364064  -48.089448015722851  -51.021520092572850  -52.208816017677989  -56.253001838266108
           006365076                   14                    1                    0              0.00128                    0                    0                    0    0.049786644560994                    0                    0                    0    0.035714415259713  -86.122113902510051  -82.736770196797806  -86.087348091660033  -90.662567391859753
           006619830                   16                    1                    0              0.00344                    0                    0                    0    0.285098633206835                    0                    0                    0    0.058652713281505  -83.607929916207979  -86.285674677871100  -87.366644371080000  -87.983297443951400
           006692180                   12                    1                    0              0.00055                    0                    0                    0    0.044071049487793                    0                    0                    0    0.023523625040745  -78.842466963694221  -80.509802110541088  -83.786131399685615  -87.509094356912755
           006717216                   16                    1                    0              0.00032                    0                    0                    0    0.038382574108538                    0                    0                    0    0.017986150688532 -119.884733446357870 -122.543689171524136 -125.458644620433589 -125.808314427312226
           006780052                   16                    1                    0              0.00017                    0                    0                    0    0.049257258838105                    0                    0                    0    0.013003523865753 -132.010277087799921 -131.050932483535689 -133.938488303355598 -136.188527810757449
           006865416                   16                    1                    0              0.00071                    0                    0                    0    0.059211068643847                    0                    0                    0    0.026613914940676 -102.532952686298557 -104.749490630995552 -108.573424697065064 -113.269685898641072
           006871390                   17                    1                    0              0.00341                    0                    0                    0    0.161829506208551                    0                    0                    0    0.058412162276271  -84.994465843923876  -89.378811543084510  -89.688965618011750  -93.734645846905607
           007039421                   16                    1                    0              0.00281                    0                    0                    0    0.084694346559971                    0                    0                    0    0.052989185885904  -84.688584894040844  -90.572705895639373  -91.092881931066088  -91.232768914163046
           007117293                   16                    1                    0              0.00022                    0                    0                    0    0.069522941992214                    0                    0                    0    0.014863490765682 -123.445968757818093 -126.170676585804188 -128.927502632733223 -131.910526704070008
           007264976                   12                    1                    0              0.00009                    0                    0                    0    0.025894564515483                    0                    0                    0    0.009579026862828 -102.477709525902640 -101.791720505441049 -104.760334617875486 -109.071395883960605
           007294867                   16                    1                    0              0.00133                    0                    0                    0    0.101143580526481                    0                    0                    0    0.036529075284957  -94.973998365087098  -93.740485836170691  -99.265509474796573 -103.136107352901348
           007459173                   10                    1                    0              0.00019                    0                    0                    0    0.037077374313799                    0                    0                    0    0.013665190205879  -79.019992781485584  -80.727834962533137  -81.062388251142508  -83.555485716968718
           007547969                   17                    1                    0              0.00151                    0                    0                    0    0.122707147380094                    0                    0                    0    0.038917905068634 -100.133566662450136 -102.167735598353374 -102.115035339777364 -107.541015546269406
           007618645                   13                    1                    0              0.00027                    0                    0                    0    0.037256826056868                    0                    0                    0    0.016550219860661  -97.101606264044136  -99.716660889818471  -99.653060800667717 -104.070303850534685
           007664485                   15                    1                    0              0.00165                    0                    0                    0    0.051733708730474                    0                    0                    0    0.040626097717675  -86.380015102575058  -89.039404431282605  -87.656337021117622  -93.392288337533202
           007733540                   16                    1                    0              0.00090                    0                    0                    0    0.069044850359613                    0                    0                    0    0.029921304884867  -98.769667530870521 -102.153375024024541 -105.243683891754230 -109.521315737431507
           007739728                   14                    1                    0              0.00071                    0                    0                    0    0.044766914117801                    0                    0                    0    0.026732314454220  -97.234510498792417  -93.525742480275639  -91.268669121945024  -98.773643323679835
           007741987                   17                    1                    0              0.00130                    0                    0                    0    0.140688862321033                    0                    0                    0    0.036083707561281 -101.155921824774524 -103.503742762801608 -106.333294777036201 -110.111856862618652
           007910731                   15                    1                    0              0.00291                    0                    0                    0    0.229092331707422                    0                    0                    0    0.053964358898990  -81.480603484100143  -85.502489850130516  -81.974995273046645  -84.874893920386086
           007954705                   16                    1                    0              0.00422                    0                    0                    0    0.165623437124560                    0                    0                    0    0.064967715725855  -83.706816037027110  -83.159234462067218  -84.119046259078019  -84.711085313412411
           007957881                   16                    1                    0              0.00155                    0                    0                    0    0.093282116094074                    0                    0                    0    0.039385507832793  -88.679821878681437  -92.179147230067741  -95.423870947376386 -100.726846536764342
           007985370                   14                    1                    0              0.00075                    0                    0                    0    0.043952455985925                    0                    0                    0    0.027411327534933  -96.908225898778298  -93.479129461169549  -93.795020838292032  -98.071312915801400
           008095028                   16                    1                    0              0.00658                    0                    0                    0    0.271377561639321                    0                    0                    0    0.081124554849587  -72.250768763988191  -72.740892367761347  -74.314416974516448  -77.604038195812066
           008247845                   17                    1                    0              0.00392                    0                    0                    0    0.189603002855871                    0                    0                    0    0.062598958834659  -83.092069910893755  -87.071079586259771  -90.151926811758088  -91.381012179596425
           008249139                   13                    1                    0              0.00022                    0                    0                    0    0.036931462834547                    0                    0                    0    0.014871890232850 -103.092235852260842 -100.848362805384767 -103.530421223176262 -106.850393286496384
           008355134                   12                    1                    0              0.00702                    0                    0                    0    0.153586547544739                    0                    0                    0    0.083786951966582  -51.212994045455723  -54.084657882537186  -56.049317196623448  -57.022565063972536
           008396230                   18                    1                    0              0.00315                    0                    0                    0    0.147098069988381                    0                    0                    0    0.056109585129954  -93.062967697150299  -95.141448408358343  -97.816093368655700 -100.805778674301521
           008414845                   16                    1                    0              0.00041                    0                    0                    0    0.053996615083623                    0                    0                    0    0.020191925162310 -113.335927040316349 -117.815298384105276 -119.698210216942826 -122.106531243654516
           008415004                   17                    1                    0              0.00135                    0                    0                    0    0.118586209665724                    0                    0                    0    0.036744513755222 -101.903095680014928 -104.162026577423859 -107.082213955756913 -109.494842557292600
           008429280                   18                    1                    0              0.00097                    0                    0                    0    0.108086672837924                    0                    0                    0    0.031110307320926 -115.179959140548860 -118.858909297615952 -123.644526673210123 -122.037407467558239
           008454353                   17                    1                    0              0.00146                    0                    0                    0    0.103473614425289                    0                    0                    0    0.038177709864852 -107.423337416750243 -103.758779445771836 -104.089153563876437 -108.193903788322274
           008507979                   18                    1                    0              0.00190                    0                    0                    0    0.165406613300825                    0                    0                    0    0.043571473526458 -106.542045918566217 -108.648698899255095 -109.872858697878939 -109.910322550432682
           008509620                   15                    1                    0              0.00054                    0                    0                    0    0.073259252211933                    0                    0                    0    0.023304518437220 -104.026872622837246 -106.723519738426845 -107.096976029744283 -110.065190184912964
           008547842                   17                    1                    0              0.00094                    0                    0                    0    0.081425661286519                    0                    0                    0    0.030651760336654 -107.642874504117216 -108.649608138399657 -110.896234196624548 -115.659002937549175
           008590274                   15                    1                    0              0.00182                    0                    0                    0    0.084033940926721                    0                    0                    0    0.042713010377242  -82.725260133375571  -84.336256221311217  -86.990892092829597  -91.889501173342566
           008673358                   17                    1                    0              0.00138                    0                    0                    0    0.096827746628726                    0                    0                    0    0.037170488464230  -97.638897218820944 -101.605764317770337 -104.187282633010952 -109.102951871632001
           008776565                   14                    1                    0              0.00180                    0                    0                    0    0.053713282650267                    0                    0                    0    0.042424259781759  -78.119123734668037  -80.752551546901842  -82.807739546135380  -85.841920310093954
           008957218                    3                    1                    0              0.00002                    0                    0                    0    0.018019867155196                    0                    0                    0    0.004991979902474    0.000000000000000    0.000000000000000    0.000000000000000  -30.700923754551315
           009048551                    5                    1                    0              0.00001                    0                    0                    0    0.017002436360178                    0                    0                    0    0.003409774304338    0.000000000000000    0.000000000000000  -56.667613101854279  -55.201653850449389
           009077192                   15                    1                    0              0.00078                    0                    0                    0    0.077419786498095                    0                    0                    0    0.028010455412783  -97.178443682347506 -100.304640546892912 -102.803660309414624 -104.547272726102378
           009117123                   17                    1                    0              0.00175                    0                    0                    0    0.123080180337101                    0                    0                    0    0.041788122195732  -95.467681009655010  -98.440722332808036 -100.964184399212556 -105.121653342123437
           009178425                   16                    1                    0              0.01011                    0                    0                    0    0.187320787357099                    0                    0                    0    0.100546921706896  -62.276571064239974  -65.185581732400891  -64.971043538297607  -70.735596166820002
           009401856                   13                    1                    0              0.00091                    0                    0                    0    0.065182886137360                    0                    0                    0    0.030234101638995  -85.738579841022542  -81.730440877705519  -83.990455163210015  -88.403455398764450
           009520089                   15                    1                    0              0.00118                    0                    0                    0    0.085029888201915                    0                    0                    0    0.034406340583264  -91.515249915426082  -95.311114183902077  -94.887057492195467  -98.377382168095139
           009640472                   19                    1                    0              0.03497                    0                    0                    0    0.391699006785057                    0                    0                    0    0.187007241692178  -50.384443119944159  -53.741712823319908  -54.865449875807869  -60.766662636362007
           009652680                   18                    1                    0              0.00309                    0                    0                    0    0.112953094472688                    0                    0                    0    0.055590460593338  -95.874229468155193  -96.994989866390029  -94.733008384876129 -101.140400164393100
           009754973                   17                    1                    0              0.00053                    0                    0                    0    0.047211886438447                    0                    0                    0    0.023019766960232 -117.035169443060695 -118.323214136187460 -121.388996781844597 -125.394454625362044
           009965888                   13                    1                    0              0.10709                    0                    0                    0    0.640708795478051                    0                    0                    0    0.327244510832765  -16.548256155006911  -18.261594950048746  -20.956385972386482  -26.478289489318602
           010002792                   15                    1                    0              0.00061                    0                    0                    0    0.087290231144255                    0                    0                    0    0.024660080118257 -101.199291463204119 -102.458788655582140 -104.072146158260807 -108.369035768967848
           010006986                   17                    1                    0              0.00829                    0                    0                    0    0.199086008905976                    0                    0                    0    0.091073887664669  -72.289655079039278  -72.570943204233032  -74.581442024518836  -78.633647741027445
           010063343                   16                    1                    0              0.06139                    0                    0                    0    0.307790467528435                    0                    0                    0    0.247762066389976  -34.848141072606175  -34.938444523379296  -35.976519081901017  -41.876576175778645
           010065745                   16                    1                    0              0.00100                    0                    0                    0    0.099575424788577                    0                    0                    0    0.031695286541880 -102.379153817937990 -103.509946556433093 -106.021673803401953 -107.678204835676723
           010067340                   16                    1                    0              0.00041                    0                    0                    0    0.082045748814673                    0                    0                    0    0.020338255546575 -113.652901261563045 -112.419741316400447 -117.425126716380916 -121.875464292529472
           010146539                   13                    1                    0              0.00030                    0                    0                    0    0.044071165066756                    0                    0                    0    0.017273542909270  -95.449385382368121  -97.789782526435502 -100.363657729517769 -102.958111394007418
           010280184                    1                    1                    0              0.00000                    0                    0                    0    0.056917865714631                    0                    0                    0    0.000000000000000    0.000000000000000    0.000000000000000    0.000000000000000                 -inf
           010320278                   13                    1                    0              0.00089                    0                    0                    0    0.080630698591403                    0                    0                    0    0.029864885528263  -82.625453875105620  -84.827941556612956  -86.039698052662573  -88.722919672770800
           010412044                   14                    1                    0              0.00101                    0                    0                    0    0.077337921257723                    0                    0                    0    0.031766511651427  -88.464125815093198  -89.751301487485193  -91.501648361845852  -93.942536501069682
           010459987                    9                    1                    0              0.00010                    0                    0                    0    0.026168473042487                    0                    0                    0    0.010182432018486  -75.004428615266676  -76.159430614173090  -77.941099747940498  -80.370420528573248
           010587237                   13                    1                    0              0.00107                    0                    0                    0    0.097321100044348                    0                    0                    0    0.032701902520689  -76.101866355710953  -79.194738492533673  -83.821484766267858  -86.363423207012715
           010677397                   14                    1                    0              0.00192                    0                    0                    0    0.164176821408229                    0                    0                    0    0.043866169356634  -80.950771638090288  -82.804950018649492  -82.579044093314039  -84.906075469372453
           010802309                   18                    1                    0              0.00122                    0                    0                    0    0.060818979704440                    0                    0                    0    0.034988389932615 -108.356508788085023 -108.493453031482602 -111.760065443881501 -117.808231836517209
           010857583                   17                    1                    0              0.00121                    0                    0                    0    0.070370855474233                    0                    0                    0    0.034777748430303 -109.742161133000621 -111.287752984014702 -107.441966416239865 -111.365221983556580
           011087527                   16                    1                    0              0.00136                    0                    0                    0    0.070504052276997                    0                    0                    0    0.036876482442644 -101.554475072973460  -99.864050464757639 -102.908877997013406 -102.833211703226070
           011145819                   14                    1                    0              0.00072                    0                    0                    0    0.069298865371369                    0                    0                    0    0.026905341939494  -89.907854586842987  -92.670245496436493  -95.262030619688460  -98.592994625781415
           011186837                   17                    1                    0              0.00084                    0                    0                    0    0.091314370322322                    0                    0                    0    0.029064900944333 -112.674515052670642 -115.042489846023528 -112.971238269415551 -117.466402176832943
           011187057                   17                    1                    0              0.00116                    0                    0                    0    0.057041603538121                    0                    0                    0    0.034084608688043 -103.016072624953125 -105.270822374244517 -107.406346716692227 -112.049704715992021
           011243149                   14                    1                    0              0.00089                    0                    0                    0    0.041538423240247                    0                    0                    0    0.029861847418204  -85.290926478499927  -91.306717207808475  -90.452178701598783  -95.673804015113305
           011299675                   17                    1                    0              0.00082                    0                    0                    0    0.091579072860685                    0                    0                    0    0.028587508342661 -115.691066504810664 -112.952767788140136 -115.108671093438488 -118.029491201290185
           011551430                   14                    1                    0              0.00174                    0                    0                    0    0.083746518881271                    0                    0                    0    0.041701044156722  -80.860219387463999  -82.326126291813878  -81.388709138958475  -86.323357771702007
           011560431                   13                    1                    0              0.00039                    0                    0                    0    0.046319314527050                    0                    0                    0    0.019793145214562  -91.638631102039142  -93.867581187660534  -94.916414466285460  -99.417960307744224
           011708843                   16                    1                    0              0.00077                    0                    0                    0    0.100922656687590                    0                    0                    0    0.027768582281307 -109.114359290861017 -111.007323818102847 -110.462396435987813 -111.910612274053932
           011817498                   17                    1                    0              0.01013                    0                    0                    0    0.356147737904613                    0                    0                    0    0.100661032926579  -72.895266000145583  -76.323864169186805  -75.182098732728178  -75.230668204939988
           011819949                   16                    1                    0              0.00052                    0                    0                    0    0.070506805647435                    0                    0                    0    0.022795558814713 -115.097768443407062 -117.528536991107231 -114.222059316290853 -118.225476904125642
           011910010                   13                    1                    0              0.02569                    0                    0                    0    0.175285610578633                    0                    0                    0    0.160265717945126  -45.454025555411263  -41.243864306965335  -39.613081527409932  -45.039025348886902
           011912947                   14                    1                    0              0.00091                    0                    0                    0    0.088815259361399                    0                    0                    0    0.030225059970354  -95.144968690609801  -96.144137661110079  -91.363195744448205  -95.335291824252906
           011961075                   16                    1                    0              0.00056                    0                    0                    0    0.052934957712566                    0                    0                    0    0.023592424670366 -108.695719146303588 -110.234428686167021 -113.031704559676427 -117.125958702471195
           012121936                   13                    1                    0              0.00023                    0                    0                    0    0.043756930563647                    0                    0                    0    0.015263207266942 -102.916046761608996 -101.140007407217013 -103.648669119365422 -106.175113254045527
           012156549                   20                    1                    0              0.00114                    0                    0                    0    0.085099105147834                    0                    0                    0    0.033708991159200 -122.934397019378736 -125.836179277721783 -126.584328834766850 -132.603894815739807
           012166457                   16                    1                    0              0.00057                    0                    0                    0    0.101575264311543                    0                    0                    0    0.023800845045807 -112.894351910821129 -113.689334128719508 -113.507904461299788 -116.844505447638909
           012218727                   14                    1                    0              0.00208                    0                    0                    0    0.106326118020933                    0                    0                    0    0.045631274657769  -76.399031715998788  -76.806222772118517  -79.569099467995827  -83.801477264498914
           012258225                   17                    1                    0              0.00099                    0                    0                    0    0.111935454063756                    0                    0                    0    0.031428005687302 -112.583130029594642 -116.117487438269166 -115.929850218412156 -114.808686667937025
