1572802.0000000000 0.0000000000 3.3945813439 0.0000000000 0.0000000000 0.0000000000 0.1963789208 0.0000000000 0.0000000000 0.1214246485 0.0000000000
1721614.0000000000 0.0000000000 0.6067534971 0.0000000000 0.0000000000 0.0000000000 0.0704780315 0.0000000000 0.0000000000 0.0339875096 0.0000000000
1783204.0000000000 0.0000000000 0.1337451214 0.0000000000 0.0000000000 0.0000000000 0.0333704777 0.0000000000 0.0000000000 0.0142232444 0.0000000000
2305277.0000000000 0.0000000000 2.6490284016 0.0000000000 0.0000000000 0.0000000000 0.1950797953 0.0000000000 0.0000000000 0.0881502867 0.0000000000
2985366.0000000000 0.0000000000 7.8598342614 0.0000000000 0.0000000000 0.0000000000 0.1904363456 0.0000000000 0.0000000000 0.2091621468 0.0000000000
3234139.0000000000 0.0000000000 0.6158013746 0.0000000000 0.0000000000 0.0000000000 0.0901823499 0.0000000000 0.0000000000 0.0388818487 0.0000000000
3441906.0000000000 0.0000000000 0.5692554508 0.0000000000 0.0000000000 0.0000000000 0.0845927729 0.0000000000 0.0000000000 0.0362289630 0.0000000000
3539331.0000000000 0.0000000000 0.5253969251 0.0000000000 0.0000000000 0.0000000000 0.1096984378 0.0000000000 0.0000000000 0.0381120342 0.0000000000
3832966.0000000000 0.0000000000 1.1843634538 0.0000000000 0.0000000000 0.0000000000 0.1223934423 0.0000000000 0.0000000000 0.0931293176 0.0000000000
4349043.0000000000 0.0000000000 0.9554241186 0.0000000000 0.0000000000 0.0000000000 0.0991510837 0.0000000000 0.0000000000 0.0520239884 0.0000000000
5033682.0000000000 0.0000000000 1.5578466009 0.0000000000 0.0000000000 0.0000000000 0.6144839664 0.0000000000 0.0000000000 0.1379828537 0.0000000000
