#This is a file containing the parameters and errors involved in the best fit of a KIC's time vs frequency data                                                                                                              
      #KIC    #degree #chiSquare       #X^3       #X^2       #X^1       #X^0    #Error3    #Error2    #Error1    #Error0
 001572802          0   3.394581          0          0          0   0.196379          0          0          0   0.121425
 001721614          0   0.606753          0          0          0   0.070478          0          0          0   0.033988
 001783204          0   0.133745          0          0          0   0.033370          0          0          0   0.014223
 002305277          0   2.649028          0          0          0   0.195080          0          0          0   0.088150
 002985366          0   7.859834          0          0          0   0.190436          0          0          0   0.209162
 003234139          0   0.615801          0          0          0   0.090182          0          0          0   0.038882
 003441906          0   0.569255          0          0          0   0.084593          0          0          0   0.036229
 003539331          0   0.525397          0          0          0   0.109698          0          0          0   0.038112
 003832966          0   1.184363          0          0          0   0.122393          0          0          0   0.093129
 004349043          0   0.955424          0          0          0   0.099151          0          0          0   0.052024
 005033682          0   1.557847          0          0          0   0.614484          0          0          0   0.137983
