000757099
001028018
001570924
001572802
001721614
001722506
001872192
002017803
002692704
002717423
002985366
003103752
003128488
003219623
003228918
003340807
003430287
003439831
003441906
003452996
003454793
003526481
003528198
003530387
003539331
003539632
003540728
003541346
003557532
003634755
003728906
003759394
003831911
003832966
003834913
003836772
003858086
003962715
004036736
004056791
004059416
004070633
004142137
004142890
004158372
004169930
004175618
004175707
004248763
004271063
004349043
004351414
004352328
004355503
004383270
004390744
004454890
004474916
004543412
004585976
004588115
004633285
004636938
004665568
004671547
004725292
004742436
004819564
004907159
004953358
005018976
005094011
005095098
005097379
005115335
005213142
005254896
005268904
005290153
005301955
005344895
005357275
005426356
005426665
005446821
005460828
005510843
005514871
005534204
005560421
005567130
005607145
005608384
005609753
005647463
005685704
005693926
005694127
005739251
005786382
005791720
005822633
005951140
005956051
005961373
005962532
005962956
005966921
005982499
006032448
006035535
006070714
006073090
006117832
006129451
006130409
006203421
006283344
006290974
006356144
006365076
006423857
006437385
006470998
006521526
006535050
006547641
006619830
006675318
006675714
006692180
006717216
006779613
006780052
006784274
006794650
006836589
006846570
006865416
006870327
006871390
006949412
006953069
007033830
007036755
007039421
007107762
007117293
007131515
007191311
007199013
007199037
007211157
007218950
007264976
007294867
007346691
007350067
007350496
007459173
007465605
007532880
007547969
007592133
007618645
007664485
007691547
007692454
007733540
007739728
007740983
007741987
007765135
007800087
007871438
007910731
007939565
007954705
007957709
007957881
007985370
007987514
008004647
008093473
008095028
008149616
008196449
008197275
008226464
008247845
008249139
008282831
008292758
008314902
008331561
008355134
008378945
008396230
008414845
008415004
008416220
008423343
008429280
008431229
008454353
008479655
008487242
008507979
008509620
008547842
008590274
008610168
008611876
008643814
008651471
008673358
008681527
008742449
008776565
008803643
008811811
008814775
008873450
008892124
008935655
008957218
008959087
009048551
009048949
009077192
009117123
009178425
009205855
009267818
009306085
009340503
009346592
009347955
009349698
009395205
009401856
009414097
009456920
009468966
009511937
009520089
009640472
009643210
009652680
009653110
009726020
009752189
009754973
009761113
009763640
009833666
009874575
009933464
009941718
009945771
009965888
009992083
010002792
010004510
010006986
010063343
010065745
010067340
010071383
010080792
010146539
010197260
010280184
010293980
010320278
010330818
010332732
010384891
010394332
010412044
010459987
010515986
010536761
010548640
010587237
010677397
010710753
010790812
010802309
010811078
010815729
010847118
010857583
010861194
010865206
010909367
010918016
010932440
010975238
010976930
010991555
011017401
011031746
011033205
011074251
011080481
011087095
011087527
011137723
011145819
011147271
011186837
011187057
011190713
011196403
011243149
011244980
011299675
011395206
011413380
011455028
011495571
011551430
011560431
011665620
011708843
011817498
011819949
011856076
011876227
011910010
011912947
011955208
011961075
011971335
012021620
012102573
012118993
012119534
012121936
012156549
012166457
012218727
012258055
012258225
012314646
012354328
012365015
