#This is a file containing the data involved in the best fit of our KICs                                                                                                                                                                                                                                                                                                                                                
                #KIC                    N           group size          best degree               chi_sq                  X^3                  X^2                  X^1                  X^0               Error3               Error2               Error1               Error0                 BIC3                 BIC2                 BIC1                 BIC0
           000757099                   17                    1                    0              0.03424                    0                    0                    0    0.383427397616632                    0                    0                    0    0.185040744157684  -47.793738775488634  -49.991174353880652  -49.302609367684255  -54.530880797672552
           001570924                   15                    1                    3              0.00028   -0.000000000231170    0.000000604026015   -0.000462767195488    0.151645380234127    0.000000000109432    0.000000294523888    0.000240967058746    0.058835147738820 -112.011166690027395 -101.787522031441071 -105.365662055952953 -109.421123161481290
           002017803                   15                    1                    2              0.00738                    0    0.000000501457545   -0.000974020082547    1.165602328118031                    0    0.000000203905627    0.000366702353765    0.148253595360962  -61.193774641936997  -65.513042960134101  -56.750875023808419  -57.537014371860629
           003441906                   19                    1                    0              0.00115                    0                    0                    0    0.088734741775229                    0                    0                    0    0.033982204798792 -118.996395791027481 -118.899878112991445 -120.613419734330748 -125.568455647619245
           003452996                   13                    1                    0              0.00169                    0                    0                    0    0.107751528596048                    0                    0                    0    0.041156474938876  -75.120708120020808  -75.825617885108088  -77.126023420196518  -80.384775021314198
           003539331                   16                    1                    0              0.00153                    0                    0                    0    0.132161603531225                    0                    0                    0    0.039163023391519  -96.536921484114728  -97.888777590351069  -98.141814467703711 -100.908123539636563
           003832966                   17                    1                    0              0.01261                    0                    0                    0    0.128678406990404                    0                    0                    0    0.112305780786601  -63.943155402008770  -67.758713334106233  -68.197326469152301  -71.508804693444148
           003962715                   14                    1                    0              0.00260                    0                    0                    0    0.215153331044320                    0                    0                    0    0.050973476267204  -74.053918776666151  -76.867025479295705  -77.867677664652774  -80.701538602960881
           004059416                   17                    1                    0              0.00126                    0                    0                    0    0.119098648328645                    0                    0                    0    0.035428483362421 -109.419703854707279 -112.324112152468359 -110.376603201822618 -110.734918354808542
           004169930                   14                    1                    3              0.00682   -0.000000001563367    0.000003707014593   -0.002342077779608    0.687557791257223    0.000000000459656    0.000001202511184    0.000918840238873    0.196943421490257  -59.268747160891763  -48.582786212479320  -47.579457891908810  -50.472536476323228
           004175707                   14                    1                    0              0.00506                    0                    0                    0    0.247752367588445                    0                    0                    0    0.071143728548990  -64.459151851797401  -67.079655081656753  -68.917987440113549  -71.366429537787070
           004248763                   17                    1                    0              0.00197                    0                    0                    0    0.159329539923998                    0                    0                    0    0.044343271472199 -102.308601048607869 -104.724716689519198 -104.994861293456083 -103.103792720102263
           004349043                   17                    1                    0              0.00260                    0                    0                    0    0.128522279938148                    0                    0                    0    0.050997281126399  -93.903674705995172  -94.210163605367626  -93.236114041592842  -98.350207259427577
           004351414                   17                    1                    0              0.00284                    0                    0                    0    0.162402491529091                    0                    0                    0    0.053330023082657  -96.375054810081664  -98.802700508104408  -91.181362798937954  -96.829484588400831
           004633285                   13                    1                    0              0.01735                    0                    0                    0    0.331080866443529                    0                    0                    0    0.131714381607666  -42.481983981495709  -44.626589246582959  -46.974524650676180  -50.140157029985538
           004665568                   13                    1                    3              0.00060    0.000000000511538   -0.000001280793650    0.000938519652801   -0.097471752063190    0.000000000162112    0.000000432397768    0.000344707426095    0.077493068004277  -86.163010316033493  -74.369334259111028  -74.255959721306581  -76.217556934681397
           004671547                   15                    1                    0              0.00262                    0                    0                    0    0.123653328591237                    0                    0                    0    0.051180131726889  -85.845451067114539  -83.955295110787063  -85.609215365977235  -86.464066032626476
           004742436                   15                    1                    0              0.00043                    0                    0                    0    0.034966599724897                    0                    0                    0    0.020733460240711 -103.845887207639677 -106.458062947277668 -109.018209828656168 -113.572143208575355
           004819564                   17                    1                    0              0.01471                    0                    0                    0    0.300991307219370                    0                    0                    0    0.121286295144429  -59.780015799614546  -65.400195604653618  -65.922642856508759  -68.893236043013999
           004907159                   16                    1                    0              0.00340                    0                    0                    0    0.156728643833972                    0                    0                    0    0.058333243376977  -82.252256086205904  -83.084326349834029  -86.770298713599828  -88.158071624540511
           005115335                   14                    1                    3              0.00283    0.000000000506573   -0.000001271795334    0.000933631860271    0.074640497259886    0.000000000303860    0.000000777657810    0.000583376714235    0.120629037033046  -71.565152854353499  -65.186051326812219  -67.631210139719897  -68.094675920237776
           005213142                   15                    1                    3              0.00009   -0.000000000149722    0.000000536152892   -0.000589697681972    0.247435306069029    0.000000000076317    0.000000214442590    0.000186091437005    0.048991469155925 -128.385865236412911 -125.251153326991655 -111.484508414054488 -113.583649707120117
           005268904                   17                    1                    0              0.00074                    0                    0                    0    0.102613808304097                    0                    0                    0    0.027277326940347 -115.667304797605112 -113.386642458809803 -116.509823758218175 -119.624567509369641
           005290153                   14                    1                    0              0.00153                    0                    0                    0    0.136262704260725                    0                    0                    0    0.039054846977299  -88.120507092993989  -89.708598162042748  -87.126716818858128  -88.159014736091876
           005357275                   16                    1                    0              0.00142                    0                    0                    0    0.078697242094851                    0                    0                    0    0.037706760244989  -98.160769129187912  -99.105199102679265  -96.339833851436651 -102.120719558089974
           005446821                   17                    1                    1              0.00673                    0                    0    0.000134558704794    0.170661508919139                    0                    0    0.000058737943776    0.052321008795217  -74.206402552750589  -76.520807326200895  -79.351282015172274  -74.707001650821866
           005460828                   13                    1                    0              0.00205                    0                    0                    0    0.149784208658332                    0                    0                    0    0.045312820622939  -74.262949561521410  -76.833052038908306  -76.654842365330197  -77.883347677506521
           005609753                   17                    1                    3              0.00078    0.000000000419288   -0.000001089090217    0.000752656105473   -0.001147225281901    0.000000000157701    0.000000412378364    0.000319292397255    0.069093194071694 -110.395034389383611 -100.596508994620990 -103.440330635166873 -104.503954900846068
           005739251                   17                    1                    0              0.00306                    0                    0                    0    0.169092410681953                    0                    0                    0    0.055356979965990  -93.473295556340489  -96.640907231091575  -92.985614193037165  -95.561172397084107
           005951140                   17                    1                    0              0.00074                    0                    0                    0    0.163714766419638                    0                    0                    0    0.027202930206778 -118.851771156375193 -118.827592032861389 -116.044851976053152 -119.717426487874832
           005966921                   17                    1                    0              0.00300                    0                    0                    0    0.183370592505804                    0                    0                    0    0.054752332431695  -87.595636728136725  -90.815099917844151  -91.353293982288704  -95.934587185770681
           006130409                   18                    1                    0              0.00199                    0                    0                    0    0.100573773785296                    0                    0                    0    0.044556100835853 -103.321003975672184 -106.077108456083295 -103.951167052029376 -109.105851113622151
           006356144                   16                    1                    2              0.00090                    0    0.000000164423496   -0.000296758759875    0.192446203528144                    0    0.000000061982292    0.000108691416062    0.042184630083784 -100.662569265131808 -103.826145036380098  -96.399087804818606  -99.803028514818251
           006470998                   15                    1                    0              0.02238                    0                    0                    0    0.587994636893382                    0                    0                    0    0.149599695446231  -50.606012057469727  -51.441322641592777  -53.516560744853564  -54.285717275829462
           006521526                   14                    1                    2              0.00120                    0    0.000000353006003   -0.000741666952486    0.470145299080440                    0    0.000000113038877    0.000224567204848    0.104413387804324  -85.534414643283071  -86.235201379407769  -75.869620882320774  -79.171324418876807
           006535050                   16                    1                    0              0.00183                    0                    0                    0    0.098509732880236                    0                    0                    0    0.042791345075350  -94.234687744619066  -99.336322320423974  -94.331072301462740  -98.072832548442463
           006675714                   15                    1                    0              0.00316                    0                    0                    0    0.091974507768612                    0                    0                    0    0.056180077938795  -76.549086047417859  -75.810950453443439  -79.297817923318803  -83.667741898957615
           006784274                   16                    1                    2              0.00049                    0    0.000000067445740   -0.000121694220084    0.074386384794240                    0    0.000000031162053    0.000054525543709    0.020762302139817 -111.162384171890466 -113.649447528867341 -105.271907569432045 -110.141020359419741
           006846570                   17                    1                    1              0.00067                    0                    0    0.000040907262739    0.102247711606699                    0                    0    0.000017509373952    0.016080492948019 -114.688519651431932 -116.597817896532604 -118.525789907402398 -114.845614998629728
           006949412                   16                    1                    0              0.00489                    0                    0                    0    0.187796670038882                    0                    0                    0    0.069943420156429  -76.195545599348648  -78.160187094156242  -77.706442810542498  -82.349607989747184
           006953069                   17                    1                    1              0.00467                    0                    0    0.000143719949345    0.172179078228365                    0                    0    0.000045091028255    0.040067134033223  -82.603531286595640  -85.438532854333090  -85.563678338001978  -76.073593703803084
           007107762                   18                    1                    0              0.00719                    0                    0                    0    0.275655419923286                    0                    0                    0    0.084792951303314  -78.676484518239647  -80.843002437779290  -81.613337043976713  -85.941171240344318
           007191311                   16                    1                    1              0.00087                    0                    0   -0.000087833897382    0.179529130791026                    0                    0    0.000018748869894    0.019482315304225 -103.175490901829818 -106.168577307200181 -107.297062275964180  -96.649683492065677
           007199013                   11                    1                    0              0.00910                    0                    0                    0    0.110251540733697                    0                    0                    0    0.095411960251397  -49.256434810984757  -49.402839731222471  -48.076323931172368  -49.292234182440488
           007218950                   17                    1                    0              0.00095                    0                    0                    0    0.091808703628564                    0                    0                    0    0.030773008270920 -112.993946941841514 -115.597824543504800 -112.971915448496858 -115.524775810196815
           007350067                   17                    1                    0              0.00221                    0                    0                    0    0.210804885234963                    0                    0                    0    0.046957929387324  -97.649871158618282 -100.483862331916583  -97.704796250276985 -101.155895372621117
           007350496                   12                    1                    0              0.00035                    0                    0                    0    0.047926309518553                    0                    0                    0    0.018702124035643  -91.699072484029756  -93.242137983083353  -94.042478209847559  -93.013929592886683
           007465605                   14                    1                    0              0.00032                    0                    0                    0    0.046037927172492                    0                    0                    0    0.017796860780944 -106.932936621339650 -106.860337269323594 -106.876604840111497 -110.165472210424468
           007592133                   17                    1                    0              0.00273                    0                    0                    0    0.121145427494272                    0                    0                    0    0.052232794789572  -95.452292088128885  -97.311408307838633  -95.844026751637301  -97.536307431330286
           007691547                   12                    1                    0              0.03419                    0                    0                    0    0.428442449682007                    0                    0                    0    0.184902630590532  -31.322989704860142  -33.601414217120848  -35.127059020495714  -38.025315276411803
           007800087                   16                    1                    0              0.00735                    0                    0                    0    0.391161829631824                    0                    0                    0    0.085705529599497  -75.378303756426362  -75.862605748385434  -72.105252777941828  -75.846225124543821
           007939565                   17                    1                    1              0.00062                    0                    0    0.000057200565850    0.113141896888854                    0                    0    0.000013873889716    0.012637977167390 -111.743278016514722 -115.483598220003984 -119.870926250598743 -109.326353119165276
           007987514                   15                    1                    0              0.00086                    0                    0                    0    0.084125975378619                    0                    0                    0    0.029396237426301  -96.294138953272267  -98.036377168537157  -99.741674000331983 -103.098607544639790
           008149616                   17                    1                    0              0.00208                    0                    0                    0    0.124658680123349                    0                    0                    0    0.045616459791371 -100.824644815757281 -100.228823425001536  -99.378467335469992 -102.141333342621706
           008196449                   17                    1                    0              0.00237                    0                    0                    0    0.135223685345563                    0                    0                    0    0.048721019700389  -97.536487308871216  -95.506621494053974  -94.663803928773987  -99.902707339555704
           008197275                   15                    1                    2              0.00849                    0   -0.000000567175234    0.001061389162868    0.204235480555297                    0    0.000000198193319    0.000328657428205    0.117539614413854  -62.017602086664667  -63.409698084715885  -55.639996960099921  -56.822094824541487
           008226464                   18                    1                    2              0.00046                    0    0.000000062306398   -0.000160016098774    0.143428971173150                    0    0.000000034434974    0.000062236164670    0.025168133457749 -127.245049812263417 -129.798409396093717 -125.926386286970825 -117.021599969415732
           008314902                   16                    1                    0              0.00164                    0                    0                    0    0.139962333357921                    0                    0                    0    0.040501588172611  -97.662409934102925  -94.939384818686278  -97.603321749480656  -99.832662205758652
           008331561                   16                    1                    0              0.00292                    0                    0                    0    0.224665608946729                    0                    0                    0    0.054020599577527  -85.185975768508754  -87.881407696921812  -88.997150426380998  -90.615885885841195
           008378945                   16                    1                    0              0.00161                    0                    0                    0    0.181109567239833                    0                    0                    0    0.040066816204220  -96.822446365469929  -99.304444342669541 -101.842168261802996 -100.178029304564177
           008423343                   16                    1                    0              0.00365                    0                    0                    0    0.157750930871210                    0                    0                    0    0.060428240466804  -85.347654999650771  -80.343653513782087  -81.648289792083517  -87.028970507035339
           008479655                   14                    1                    2              0.00029                    0    0.000000093414706   -0.000173735647172    0.109851063395570                    0    0.000000043435750    0.000078518385594    0.032093435580793 -103.400192334090278 -106.050564899944931  -99.555116765222579 -103.559093639270031
           008487242                   16                    1                    0              0.00145                    0                    0                    0    0.104410291499827                    0                    0                    0    0.038055491272083  -97.202298859501383  -99.991187011182049 -102.326226865259272 -101.826127687943767
           008610168                   16                    1                    0              0.00065                    0                    0                    0    0.073100781060543                    0                    0                    0    0.025399415667834 -106.544945422959131 -106.719380436070367 -109.683539815861536 -114.764342811381496
           008611876                   17                    1                    3              0.00089    0.000000000403705   -0.000001010386470    0.000713528407173    0.126933382456226    0.000000000158432    0.000000412306285    0.000318316048394    0.069181873905571 -108.037768347549914  -99.763698612810856 -101.793190833389630 -105.926563453032159
           008651471                   15                    1                    0              0.00124                    0                    0                    0    0.086611697529370                    0                    0                    0    0.035202480205196  -94.766921363501353  -98.409424686807327  -93.061055082909292  -97.691111953460393
           008742449                   17                    1                    3              0.00131    0.000000000163265   -0.000000312435601    0.000148334572118    0.092729306905045    0.000000000180737    0.000000462509391    0.000352329767051    0.076987635044294 -101.559341988683713 -100.617268019286058  -96.734125559590794  -99.300637451318821
           008814775                   17                    1                    2              0.00175                    0   -0.000000123303745    0.000178932913124    0.214162477234301                    0    0.000000077532723    0.000136267647557    0.051537765855846  -97.225011312495695  -99.405545027054558  -95.876118634555297  -96.951870835376567
           008873450                   16                    1                    0              0.00257                    0                    0                    0    0.095795695047035                    0                    0                    0    0.050652626275329  -84.951701753036431  -87.877973550151509  -91.278187891769889  -92.675865619961698
           009048949                   16                    1                    3              0.00069   -0.000000000305687    0.000000844630356   -0.000680911797720    0.225502876437716    0.000000000183491    0.000000469895013    0.000363416747010    0.081927976499991 -105.388104504776166  -97.533908727578307  -96.572719682031646 -102.528418064802565
           009306085                   17                    1                    1              0.00962                    0                    0    0.000201326468846    0.347999314122385                    0                    0    0.000066577902954    0.059948814816870  -68.836025966273425  -70.474005205705453  -73.279077038405333  -66.399814145489472
           009346592                   15                    1                    0              0.00122                    0                    0                    0    0.069128888197813                    0                    0                    0    0.034903782362136  -95.234688063053554  -95.444934488560335  -98.727038634058076  -97.946752154124638
           009347955                   17                    1                    3              0.00298    0.000000000560017   -0.000001283810444    0.000855196513385    0.019736646241335    0.000000000285344    0.000000727006059    0.000548501050721    0.116779662612971  -87.533541463016974  -84.397854317003379  -82.109906303368007  -83.180685369253538
           009349698                   18                    1                    0              0.00341                    0                    0                    0    0.163221022014389                    0                    0                    0    0.058402096363554 -100.185123994930009 -100.873714027182814  -99.307023244369304  -99.364153995720983
           009395205                   17                    1                    0              0.00112                    0                    0                    0    0.098564795207236                    0                    0                    0    0.033530013660895 -105.881880569170093 -106.134343319192539 -109.213657303703357 -112.607473232698894
           009414097                   17                    1                    0              0.00133                    0                    0                    0    0.121560623647748                    0                    0                    0    0.036460726452337 -107.659732528462442 -110.345978413923291 -111.618005891038123 -109.758452555842666
           009456920                   17                    1                    2              0.00107                    0    0.000000118004641   -0.000226508498989    0.207186258844946                    0    0.000000059893955    0.000106716489037    0.041940662861297 -104.361280259646463 -107.718351950014466 -100.415792820588109 -104.881917427793638
           009468966                   17                    1                    3              0.00079    0.000000000337344   -0.000000867559820    0.000589127019138    0.016072969989236    0.000000000141104    0.000000368854113    0.000285904553262    0.062328909052152 -110.116452468585152 -102.532078463036413 -105.135983921997678 -106.818990318410272
           009511937                   15                    1                    1              0.01584                    0                    0   -0.000234799267365    0.544944009590660                    0                    0    0.000082536039450    0.085622664299328  -52.694293329405212  -54.096751955721089  -56.763817718084780  -51.981829272994197
           009643210                   15                    1                    1              0.00161                    0                    0    0.000070886663135    0.038973482768016                    0                    0    0.000027776985303    0.024322973213657  -91.289960736701417  -89.565179989772730  -91.017471811800903  -86.416904391139184
           009752189                   16                    1                    0              0.00093                    0                    0                    0    0.069504832454403                    0                    0                    0    0.030552678356817 -107.068433991112471 -107.162418606248053 -105.707951313174007 -108.853104908262353
           009833666                   18                    1                    0              0.00141                    0                    0                    0    0.068816886306311                    0                    0                    0    0.037588875687146 -101.696155732535914 -104.542782605818246 -109.310248540741455 -115.227324984950130
           010004510                   16                    1                    0              0.00108                    0                    0                    0    0.107024799084818                    0                    0                    0    0.032849791802490  -97.412286677318320 -100.174922276698524 -102.118960640045586 -106.533327178411454
           010071383                   16                    1                    1              0.00105                    0                    0   -0.000061864045557    0.197460696353782                    0                    0    0.000023971111927    0.024428397347365 -101.843804489475289 -101.841970674173339 -104.242600838251505  -96.435662545568206
           010197260                   16                    1                    2              0.00191                    0    0.000000158085672   -0.000261449827131    0.161236085469897                    0    0.000000065826416    0.000120707971536    0.050100060774494  -89.717324805119375  -91.846351629689693  -82.324456516052550  -88.874397439941646
           010330818                   16                    1                    3              0.00016    0.000000000191152   -0.000000396873990    0.000201631609693    0.021336203290515    0.000000000067606    0.000000174606957    0.000135226442603    0.029973268972887 -128.848621103790890 -120.846678585261657 -108.707371431701901 -115.164261138520331
           010515986                   16                    1                    0              0.00207                    0                    0                    0    0.224998870560263                    0                    0                    0    0.045474752291341  -86.923453607007730  -89.817212726589915  -93.913577501618818  -96.126547333186451
           010790812                   17                    1                    1              0.00131                    0                    0    0.000065062667196    0.087909000604793                    0                    0    0.000020945514951    0.018826048318406 -106.127420818657498 -104.357231994219489 -107.219770782486407 -103.226723307121802
           010815729                   17                    1                    2              0.00324                    0    0.000000174930203   -0.000238604616076    0.168261116907321                    0    0.000000093394600    0.000161608502289    0.059945388591108  -86.555745501241432  -88.962503859217463  -83.413943920132411  -86.906134006409260
           010861194                   17                    1                    1              0.00042                    0                    0    0.000031138776592    0.061994299479751                    0                    0    0.000012818594610    0.011728264459048 -121.118657650643840 -124.114976034636157 -126.642397180491656 -121.801735937063455
           010865206                   16                    1                    0              0.00354                    0                    0                    0    0.121936368230145                    0                    0                    0    0.059496540260803  -88.224262013458173  -89.290815259557846  -84.333157144448350  -87.526198957709440
           010909367                   14                    1                    0              0.00066                    0                    0                    0    0.129396389230936                    0                    0                    0    0.025675725875222  -95.639274215202846  -98.296439024590086 -100.606396330525229  -99.902801723401396
           010918016                   17                    1                    3              0.00161    0.000000000445974   -0.000001002899831    0.000626010851858    0.098565126319638    0.000000000186484    0.000000480968315    0.000367938238778    0.079566607494495  -97.959480396005702  -89.268756374132636  -86.009136743812888  -88.526543723804565
           010975238                   17                    1                    0              0.00178                    0                    0                    0    0.136645412580624                    0                    0                    0    0.042197832003048  -93.983624108024713  -96.739062780588881 -101.523385890056602 -104.789925398181950
           011017401                   14                    1                    0              0.00209                    0                    0                    0    0.140558079331773                    0                    0                    0    0.045679488833638  -75.227472953556500  -77.716375009840249  -80.587154683726979  -83.771907978290429
           011074251                   14                    1                    0              0.02220                    0                    0                    0    0.438906610171396                    0                    0                    0    0.148984270359645  -43.631117079269600  -46.065741353755357  -46.939095926121205  -50.670549977017345
           011080481                   18                    1                    0              0.00398                    0                    0                    0    0.184341401015171                    0                    0                    0    0.063074487979054  -86.758662998409093  -89.413075214147597  -92.773838259144867  -96.593428719168827
           011087095                   17                    1                    0              0.00162                    0                    0                    0    0.149563869188548                    0                    0                    0    0.040233538934451 -100.486113088716678  -98.271580458034776 -101.517991771748882 -106.410633853554558
           011137723                   14                    1                    0              0.00225                    0                    0                    0    0.251249517464384                    0                    0                    0    0.047381928092530  -82.555587941086600  -77.915881446418624  -80.045769095491508  -82.747345502222089
           011190713                   16                    1                    0              0.00068                    0                    0                    0    0.094010956507034                    0                    0                    0    0.026119069875328 -104.640577497484301 -109.051016065359306 -111.065850635835091 -113.870277993966980
           011196403                   17                    1                    0              0.00205                    0                    0                    0    0.112567904316334                    0                    0                    0    0.045290078962219  -96.277883980514659  -91.945229768572943  -97.708357927520439 -102.385474105744422
           011244980                   17                    1                    0              0.00345                    0                    0                    0    0.104057379956431                    0                    0                    0    0.058749830074873  -81.315106657381648  -82.806724402833851  -87.263337085353186  -93.538665278301238
           011395206                   15                    1                    0              0.00375                    0                    0                    0    0.259962532217071                    0                    0                    0    0.061268803341088  -70.505932514634665  -74.262934770766464  -78.338622574653940  -81.066484299284269
           011413380                   17                    1                    0              0.00315                    0                    0                    0    0.118159304282010                    0                    0                    0    0.056124106822627  -93.710971796129911  -92.415705613112380  -90.607631304476797  -95.093241458017587
           011495571                   13                    1                    0              0.00204                    0                    0                    0    0.168876057692194                    0                    0                    0    0.045136552856668  -69.872695662143016  -73.044382829985508  -73.842601820624267  -77.984685421451019
           011856076                   14                    1                    0              0.00221                    0                    0                    0    0.135317376660460                    0                    0                    0    0.047050581596058  -75.936844272103343  -79.284789679638934  -78.300844706851521  -82.943840120594103
           011876227                   14                    1                    0              0.00236                    0                    0                    0    0.162856132030680                    0                    0                    0    0.048604658879063  -79.283946320785461  -75.627103794995406  -78.019398732052849  -82.033947617293094
           011971335                   18                    1                    0              0.00342                    0                    0                    0    0.204815642813692                    0                    0                    0    0.058497986213922  -94.451193522977476  -93.245449121277659  -94.898170017918233  -99.305094407200883
           012258055                   17                    1                    0              0.00092                    0                    0                    0    0.078880728098004                    0                    0                    0    0.030406454114181 -111.479099983696912 -107.831265509897349 -109.185267800221538 -115.932199804296005
           012314646                   17                    1                    0              0.00198                    0                    0                    0    0.183539262644503                    0                    0                    0    0.044445311066645  -93.646361966463260  -96.072883738396428  -98.864370311846685 -103.025644209576697
           012354328                   15                    1                    0              0.00265                    0                    0                    0    0.153292353225368                    0                    0                    0    0.051496503401013  -76.069943577850438  -80.514288603575125  -81.892332102103779  -86.279190861199581
