#This is a file containing the data involved in the best fit of our KICs                                                                                                                                                                                                                                                                                                                                                
                #KIC                    N           group size          best degree            chiSquare                  X^3                  X^2                  X^1                  X^0               Error3               Error2               Error1               Error0                 BIC3                 BIC2                 BIC1                 BIC0
           000757099                   17                    1                    0              0.04610                    0                    0                    0    0.543967138425729                    0                    0                    0    0.214697565439226  -41.740732920837843  -42.097812712848508  -43.616638778282898  -49.476633715710157
           001570924                   18                    1                    0              0.00198                    0                    0                    0    0.126183351165346                    0                    0                    0    0.044487446290490 -100.306447106410403 -102.145144050421777 -104.985718567701809 -109.161364717978756
           002017803                   11                    1                    0              0.00999                    0                    0                    0    0.830337168573948                    0                    0                    0    0.099944341414407  -49.777583905951779  -47.586650251965324  -46.047168137481890  -48.271225070832088
           003441906                   19                    1                    0              0.02078                    0                    0                    0    0.169694322040574                    0                    0                    0    0.144155323517765  -61.332493093857430  -62.717690233036024  -65.788712993885596  -70.656390177500299
           003452996                   13                    1                    0              0.00500                    0                    0                    0    0.168006878461373                    0                    0                    0    0.070704986194688  -59.399852732725762  -60.296898964091447  -63.508860465637667  -66.315269386880246
           003539331                   16                    1                    0              0.00486                    0                    0                    0    0.302309913547099                    0                    0                    0    0.069705833936855  -76.204466326418867  -79.480917084846510  -81.109206115160305  -82.458491727236478
           003557532                   14                    1                    3              0.00233   -0.000000000602618    0.000001642535307   -0.001145311480318    0.371201234442941    0.000000000314217    0.000000815021404    0.000617971631724    0.130087079869846  -74.296736772649936  -68.956196764049608  -70.882604314914218  -65.213106864879293
           003728906                   18                    1                    0              0.00239                    0                    0                    0    0.103876379270788                    0                    0                    0    0.048854732384801 -100.477468961017806 -103.721997321685450  -99.721523756615397 -105.790173298529581
           003832966                   17                    1                    0              0.02390                    0                    0                    0    0.214035415757154                    0                    0                    0    0.154598051198481  -55.723520817122903  -57.893427136223217  -57.022911019138022  -60.642296099893635
           003858086                   14                    1                    2              0.00218                    0   -0.000000344767807    0.000558041527158    0.065771204201969                    0    0.000000087039013    0.000152229251086    0.053760206452203  -75.007615510023982  -77.900105711633955  -67.440429333542596  -69.047462949096669
           004059416                   18                    1                    0              0.00219                    0                    0                    0    0.190221003946377                    0                    0                    0    0.046816198583514  -99.710940744219329 -102.953068882644487 -105.944633746981552 -107.324564687284507
           004070633                   11                    1                    3              0.01028    0.000000000975722   -0.000002982032246    0.002131466342395    0.495930339627522    0.000000000752404    0.000002073534710    0.001648271325715    0.324225918495556  -40.758719379767058  -37.590914361645417  -36.956622555389231  -26.356988607388672
           004169930                   14                    1                    0              0.02794                    0                    0                    0    0.502565190002756                    0                    0                    0    0.167145756827364  -47.423650647892259  -44.729195762527219  -44.916472632217300  -47.449836122362562
           004175618                   11                    1                    0              0.02737                    0                    0                    0    0.516565739627249                    0                    0                    0    0.165443171547543  -31.519214057118688  -33.006046235993765  -35.702285771907142  -37.182910111466242
           004175707                   14                    1                    0              0.00795                    0                    0                    0    0.427113445048190                    0                    0                    0    0.089149102559986  -57.869024729468038  -61.213625953594921  -62.869813462174058  -65.049402708271316
           004248763                   17                    1                    1              0.00267                    0                    0   -0.000071059820495    0.408641027238504                    0                    0    0.000034809643528    0.034954631970219  -87.526450635914060  -91.902840214619744  -95.084893363950059  -92.233110889888053
           004349043                   17                    1                    0              0.00327                    0                    0                    0    0.270438463573740                    0                    0                    0    0.057193906709847  -93.366917571881132  -88.333077604256687  -90.698020364211871  -94.451255674902285
           004351414                   16                    1                    0              0.00583                    0                    0                    0    0.269461309905544                    0                    0                    0    0.076373078281846  -78.548986603008089  -76.895143085707232  -73.706100337551135  -79.535412027182048
           004383270                   13                    1                    0              0.00104                    0                    0                    0    0.200700746129318                    0                    0                    0    0.032217518236914  -80.864446866751265  -81.178265338439743  -83.825094318600691  -86.751418815927707
           004454890                   18                    1                    0              0.00214                    0                    0                    0    0.152752416471929                    0                    0                    0    0.046206714457988 -101.263266666368395 -104.624545496281513 -105.101696498885815 -107.796313889279716
           004585976                   17                    1                    1              0.00271                    0                    0    0.000058317133291    0.141448680928476                    0                    0    0.000028206345008    0.025784615591438  -90.144642015418768  -93.381012224168472  -94.810390858941602  -91.843634913980807
           004633285                   13                    1                    0              0.01944                    0                    0                    0    0.510768780816840                    0                    0                    0    0.139441962856952  -38.277679321279216  -42.992327350019735  -45.720375206119655  -48.657827472589169
           004671547                   16                    1                    0              0.00460                    0                    0                    0    0.272137991964885                    0                    0                    0    0.067855344738144  -76.935344230407040  -79.284997803234887  -83.308667206289357  -83.319479212150014
           004819564                   15                    1                    0              0.01485                    0                    0                    0    0.477229408755772                    0                    0                    0    0.121871378303397  -54.793237041311329  -54.802941294760288  -57.216341390832326  -60.435621796616225
           004907159                   16                    1                    0              0.00532                    0                    0                    0    0.266344611902437                    0                    0                    0    0.072916450931870  -80.270301182843568  -76.488760174375400  -77.741905681584853  -81.017523311857587
           005115335                   14                    1                    0              0.01386                    0                    0                    0    0.505737326891871                    0                    0                    0    0.117745318613626  -57.406021700219981  -54.930435116315941  -57.999184462681320  -57.259419178821737
           005213142                   15                    1                    3              0.00064   -0.000000000580141    0.000001664810110   -0.001449034457293    0.503109579776843    0.000000000208715    0.000000582126750    0.000499172942830    0.129830725442184  -99.456826748401454  -89.837365027816460  -93.234182550976783  -95.941509738044246
           005268904                   17                    1                    0              0.00231                    0                    0                    0    0.311572571105763                    0                    0                    0    0.048075090073018  -91.309805195168551  -94.314872416073797  -97.185429497101154 -100.356484529065213
           005290153                   14                    1                    0              0.00198                    0                    0                    0    0.256208069660403                    0                    0                    0    0.044464485301208  -80.118492015022383  -83.667335903171548  -81.720478220685777  -84.526748434253690
           005357275                   17                    1                    0              0.00274                    0                    0                    0    0.140792089622976                    0                    0                    0    0.052312469071766  -86.835971702591891  -90.155709507422841  -92.895430152216790  -97.484484402357154
           005426356                   13                    1                    0              0.00409                    0                    0                    0    0.229224305813671                    0                    0                    0    0.063933559050668  -63.793953643209392  -64.881320068499477  -67.624403142797590  -68.932733384638979
           005446821                   17                    1                    1              0.00943                    0                    0    0.000140281339164    0.327767218585642                    0                    0    0.000072060241727    0.065485947502402  -67.242070085331989  -70.317146500591235  -73.627117829170245  -69.517829999725706
           005460828                   13                    1                    0              0.00471                    0                    0                    0    0.259980225031888                    0                    0                    0    0.068612123447753  -61.171755175615075  -63.452364312427029  -66.199290665076632  -67.096487506284035
           005609753                   18                    1                    1              0.00215                    0                    0   -0.000068432367593    0.240040500792192                    0                    0    0.000028061251191    0.028208990423054 -106.104418169637754 -103.229834189207253 -104.819762775734404 -100.830642317917608
           005739251                   17                    1                    2              0.00315                    0   -0.000000241246724    0.000379496645784    0.231565122657727                    0    0.000000104334093    0.000183653100015    0.068800431979408  -86.546004092045123  -89.405594488920798  -84.018620148153929  -86.633462293627545
           005791720                   17                    1                    0              0.00617                    0                    0                    0    0.663940704407172                    0                    0                    0    0.078564332328025  -76.216426787186137  -77.568886102901729  -80.230581253110287  -83.657260626246739
           005951140                   17                    1                    2              0.00314                    0    0.000000265208138   -0.000405103803100    0.448535974565353                    0    0.000000109467800    0.000188130900673    0.070951355248293  -89.903222257664368  -89.459721143768490  -83.957942626174884  -85.596772603390448
           005962956                   17                    1                    0              0.01165                    0                    0                    0    0.495205520333112                    0                    0                    0    0.107952306536940  -67.933353998386877  -70.657792087309133  -69.080179525954080  -72.853022344102186
           005966921                   17                    1                    0              0.01039                    0                    0                    0    0.431422371478395                    0                    0                    0    0.101945330109243  -68.028322420503244  -68.992838004505302  -71.233403819782382  -74.799618671991098
           006130409                   18                    1                    0              0.00178                    0                    0                    0    0.177201002061377                    0                    0                    0    0.042209801645202 -102.068458934845609 -104.958370715080036 -107.070193084537124 -111.053329705795278
           006356144                   16                    1                    0              0.00379                    0                    0                    0    0.201864573365147                    0                    0                    0    0.061579459567323  -84.781485046987470  -85.868284316118022  -83.378411479331234  -86.425072481965614
           006470998                   10                    1                    0              0.02834                    0                    0                    0    0.654931451297974                    0                    0                    0    0.168349935027590  -31.639952197175912  -29.651874336643736  -31.867404262518399  -33.331625293238574
           006521526                   14                    1                    2              0.00148                    0    0.000000754462489   -0.001580197885756    1.005160705136866                    0    0.000000134032319    0.000264845718244    0.122549155079539  -80.960964690290623  -83.271546688472213  -59.049675545416967  -61.931777246650029
           006535050                   17                    1                    0              0.00395                    0                    0                    0    0.160221407646636                    0                    0                    0    0.062830308106692  -85.852271527482472  -89.132346367005852  -88.232839747070884  -91.255588753932642
           006675318                   17                    1                    2              0.00898                    0    0.000000245312058   -0.000525863044378    0.676742499369548                    0    0.000000157638237    0.000279379173204    0.109425066592218  -68.733428847282894  -71.612929824435298  -70.967710213570626  -69.083928187506302
           006675714                   15                    1                    0              0.00380                    0                    0                    0    0.188462164675435                    0                    0                    0    0.061680756734805  -75.362405652986979  -74.281038977332656  -77.229621395803477  -80.865448231292021
           006779613                   18                    1                    1              0.00159                    0                    0    0.000061626482121    0.287380556080022                    0                    0    0.000021478582341    0.019886016570348  -99.213637166376074 -105.567081018766402 -110.190109685967656 -101.324508297523167
           006784274                   17                    1                    3              0.00061   -0.000000000125006    0.000000439780016   -0.000449203744582    0.173199029867405    0.000000000111325    0.000000289717725    0.000226259642439    0.052119595721719 -114.474843704227794 -110.091992777576394  -98.299957585954417 -103.522842652172500
           006846570                   17                    1                    1              0.00206                    0                    0    0.000089421188293    0.238696644296648                    0                    0    0.000028255397773    0.025932189604500  -97.784640100922502  -98.247732402151598  -99.512127865209777  -91.183719191587116
           006870327                   16                    1                    1              0.00292                    0                    0   -0.000074280673779    0.296138789122474                    0                    0    0.000037182832687    0.037867352440678  -80.626145778139701  -84.967716156811676  -87.832777824620621  -85.288876765810642
           006953069                   16                    1                    0              0.00927                    0                    0                    0    0.402826525880529                    0                    0                    0    0.096269389318772  -68.598452003828299  -71.313853914803431  -73.441711241811234  -72.126767394057822
           007033830                   16                    1                    3              0.00361    0.000000000599605   -0.000001335903396    0.000688449717004    0.453916294543858    0.000000000377066    0.000001009727999    0.000820616614997    0.197752684609013  -78.899534755848336  -72.607331626348753  -70.909636454060603  -75.719143072814049
           007036755                   17                    1                    0              0.00308                    0                    0                    0    0.241554237091305                    0                    0                    0    0.055455579882042  -86.213367068152806  -90.488446282430175  -93.480624200625087  -95.500666655946119
           007107762                   18                    1                    0              0.02076                    0                    0                    0    0.441187660443324                    0                    0                    0    0.144093087111943  -55.671496140644336  -59.158227526295683  -62.498538857510788  -66.852275241382870
           007191311                   17                    1                    1              0.00313                    0                    0   -0.000119066118043    0.386764304801678                    0                    0    0.000035619614480    0.035657100473462  -87.224083546328259  -89.901658927661686  -92.369183187262763  -87.216677199877836
           007199013                   16                    1                    1              0.03666                    0                    0    0.000318073975061    0.120469194667871                    0                    0    0.000109832223605    0.097303928575967  -42.107578318842158  -44.442352411427265  -47.351690310953536  -44.101148887336976
           007211157                   17                    1                    0              0.00473                    0                    0                    0    0.210716051511187                    0                    0                    0    0.068809404283531  -81.410719035850974  -83.348552435210848  -84.600307641340692  -88.164891665304225
           007218950                   17                    1                    0              0.00780                    0                    0                    0    0.170056333763371                    0                    0                    0    0.088344932093510  -71.443274251010010  -77.032421315288389  -74.584038776606349  -79.668005737154360
           007346691                   16                    1                    0              0.00439                    0                    0                    0    0.278296701561445                    0                    0                    0    0.066273994008333  -82.351196261971978  -81.976321745246594  -82.977243968579842  -84.074057868934318
           007350067                   17                    1                    2              0.00260                    0    0.000000331615462   -0.000581281300360    0.681585708799520                    0    0.000000098884420    0.000174079973005    0.067599282124466  -89.961454271337644  -92.675104180966656  -81.825403259499382  -85.841284331504383
           007350496                   16                    1                    1              0.00086                    0                    0    0.000049424728096    0.034717627383304                    0                    0    0.000016803336452    0.015519591799270 -101.425614612897931 -105.244572347605924 -107.380181564843795 -100.564620770076573
           007465605                   15                    1                    0              0.00055                    0                    0                    0    0.122181089976596                    0                    0                    0    0.023526971481357 -109.119388461595662 -111.255734900149193 -109.076295778116716 -109.780183599432263
           007532880                   17                    1                    1              0.00526                    0                    0   -0.000073332994339    0.288239463944699                    0                    0    0.000036524637384    0.035936930785966  -77.056688856460326  -82.752276212827070  -83.539757507001553  -81.002678001935365
           007592133                   17                    1                    0              0.00691                    0                    0                    0    0.250705767752491                    0                    0                    0    0.083100931314699  -77.779648983125512  -81.033507970406475  -80.060030628589189  -81.748565236865659
           007691547                   13                    1                    0              0.07143                    0                    0                    0    0.481264474156678                    0                    0                    0    0.267272374542856  -16.539933247803503  -19.031700670527016  -22.063273662946926  -31.741712933381372
           007740983                   15                    1                    0              0.01449                    0                    0                    0    0.683246073607354                    0                    0                    0    0.120357000742172  -61.209051822157008  -55.060399117230148  -57.767472604099666  -60.810738196562809
           007800087                   15                    1                    0              0.00977                    0                    0                    0    0.517036098870902                    0                    0                    0    0.098826591647420  -64.326456019647580  -64.956141103752302  -64.582874751435185  -66.723606725279168
           007871438                   17                    1                    0              0.00521                    0                    0                    0    0.340277561892997                    0                    0                    0    0.072203111674717  -79.427696064279132  -79.196722565468065  -82.061137488533006  -86.528039280769448
           007939565                   17                    1                    0              0.00451                    0                    0                    0    0.353354242185511                    0                    0                    0    0.067119367168054  -85.927838296841813  -88.902828589927111  -89.844365267411348  -89.010396593897269
           007957709                   17                    1                    0              0.00704                    0                    0                    0    0.214634547440920                    0                    0                    0    0.083883171203341  -72.092502703990135  -74.947078745074208  -76.725762194058433  -81.430015741870747
           007987514                   17                    1                    0              0.00233                    0                    0                    0    0.141028555265741                    0                    0                    0    0.048271159298529  -97.235260546194667  -97.876754539927845  -97.393022458717979 -100.218101085732286
           008149616                   17                    1                    0              0.00329                    0                    0                    0    0.259007600286603                    0                    0                    0    0.057330913939627  -93.079008695513934  -94.652578813603441  -90.472187090647679  -94.369906531400773
           008196449                   17                    1                    0              0.00535                    0                    0                    0    0.306759040733374                    0                    0                    0    0.073136192645886  -77.865018353865210  -81.081543222733416  -82.688219823971266  -86.091472048782762
           008197275                    7                    1                    0              0.00977                    0                    0                    0    0.680269401769454                    0                    0                    0    0.098819352399434  -28.666577687674298  -29.349214707877316  -30.029455986534185  -30.456555315838965
           008226464                   19                    1                    1              0.00113                    0                    0   -0.000070279993562    0.161251378449340                    0                    0    0.000017473562845    0.017698147179348 -119.121202711490412 -122.277055526651964 -123.082472566518149 -110.803908242191383
           008314902                   16                    1                    0              0.00637                    0                    0                    0    0.274551676164572                    0                    0                    0    0.079816006910800  -79.350572761291033  -75.414880293378744  -78.157171028540930  -78.124409894937727
           008331561                   16                    1                    0              0.00541                    0                    0                    0    0.359592876389447                    0                    0                    0    0.073548785252997  -76.757049224566231  -78.006427936965366  -77.046921985701559  -80.741214413947617
           008378945                   16                    1                    0              0.00459                    0                    0                    0    0.311623371355755                    0                    0                    0    0.067774526514420  -76.182959218611089  -79.344829818700518  -81.218447521175193  -83.357615110110444
           008423343                   16                    1                    0              0.00614                    0                    0                    0    0.261201196211312                    0                    0                    0    0.078328045360850  -75.190119240080335  -73.770835470424345  -76.459179466347663  -78.726597255885949
           008479655                   15                    1                    2              0.00041                    0    0.000000200729537   -0.000326220128887    0.189176686097505                    0    0.000000047692840    0.000085052772239    0.034412937687017 -105.976885888317341 -108.684835215595953  -90.439579979902959  -94.713937582374129
           008487242                   16                    1                    1              0.00378                    0                    0    0.000085841362231    0.123938009783917                    0                    0    0.000045757339320    0.042671401794907  -82.267326895098833  -85.623565976098092  -83.718424306715406  -81.127411856899684
           008610168                   16                    1                    0              0.00196                    0                    0                    0    0.121838565947166                    0                    0                    0    0.044302851614828  -88.166306793959578  -91.389792078660548  -94.846876442629522  -96.962010748636146
           008611876                   17                    1                    0              0.01511                    0                    0                    0    0.695861588737943                    0                    0                    0    0.122914736257619  -66.599868075386766  -66.167464393361314  -66.876876217830400  -68.439775070782190
           008651471                   19                    1                    0              0.00302                    0                    0                    0    0.153459915060785                    0                    0                    0    0.054975488120030 -102.030376588459205 -104.744796863332027 -103.397171695166236 -107.288539838971303
           008681527                   15                    1                    1              0.00336                    0                    0    0.000097277443541    0.296263824968333                    0                    0    0.000041671436367    0.038179099333705  -76.560352478714577  -78.060602915709566  -80.011035148310000  -76.821040673495744
           008742449                   17                    1                    2              0.00201                    0    0.000000220550577   -0.000311479224009    0.238658689173836                    0    0.000000085173393    0.000146557412105    0.055449821995382  -94.361557152221621  -97.102031118571375  -88.298473072994071  -89.684486234539051
           008811811                   17                    1                    1              0.00221                    0                    0    0.000058081794274    0.307765795161933                    0                    0    0.000032060805358    0.029913793288922  -94.979447989134883  -95.814926549826424  -98.259685825473312  -95.384027271985559
           008814775                   17                    1                    0              0.01168                    0                    0                    0    0.655587242353359                    0                    0                    0    0.108060556116746  -61.328149143912981  -64.824099770437499  -68.763532818281703  -72.818945799064309
           008873450                   16                    1                    0              0.00551                    0                    0                    0    0.188992941083405                    0                    0                    0    0.074231417797467  -70.257160754158846  -72.624229985477015  -77.475906322660720  -80.445580812957402
           009048949                   16                    1                    3              0.00107   -0.000000000372201    0.000001068071432   -0.000930267801224    0.355906855738606    0.000000000203780    0.000000523964981    0.000407513778967    0.092951250837686  -98.404117200911031  -93.351975134855834  -91.967759551680331  -93.731844849376699
           009205855                   15                    1                    0              0.00568                    0                    0                    0    0.556738229330045                    0                    0                    0    0.075357932217284  -73.215699078110632  -72.921303797575405  -73.536519374181609  -74.857132433521357
           009306085                   15                    1                    1              0.00804                    0                    0    0.000221427158012    0.388677722127298                    0                    0    0.000068260547736    0.059105703176759  -60.389486300491868  -63.599772624686011  -66.934581264919615  -57.876747654859827
           009346592                   16                    1                    0              0.00266                    0                    0                    0    0.167001740599740                    0                    0                    0    0.051535158691533  -88.618429678572156  -91.905945033257154  -92.314764060920893  -92.123123636219361
           009347955                   14                    1                    0              0.00616                    0                    0                    0    0.250510025438427                    0                    0                    0    0.078510021952472  -62.507656003717116  -63.794110540434566  -65.347891993955955  -68.607754506817244
           009349698                   20                    1                    1              0.00840                    0                    0   -0.000102740305165    0.411969524157223                    0                    0    0.000059874269870    0.058185548883808  -85.298300017328970  -87.581430162715094  -89.595541051934390  -86.777653676595449
           009395205                   17                    1                    0              0.00330                    0                    0                    0    0.220812251482080                    0                    0                    0    0.057478778176072  -88.832921472633430  -89.714561575898159  -91.296896994685383  -94.282328789032007
           009414097                   17                    1                    1              0.00196                    0                    0   -0.000079346695991    0.329559232711909                    0                    0    0.000028446803449    0.028232180422441  -94.825512234008471  -98.862477624244519 -100.318143781258740  -98.072784233913367
           009456920                   18                    1                    2              0.00243                    0    0.000000120488372   -0.000271275432817    0.395391831414895                    0    0.000000064616457    0.000114564548185    0.044571550725691  -96.798231694416984  -99.668518640719583  -94.025209548065135  -94.647840942854927
           009468966                   17                    1                    3              0.00133    0.000000000322165   -0.000000736022585    0.000360362570690    0.170246955196212    0.000000000202534    0.000000533377254    0.000419891530965    0.094783736708792 -101.242245210827846  -97.336037811765920  -97.767492970531251  -96.146494378537582
           009511937                   12                    1                    1              0.01014                    0                    0   -0.000295943798444    0.731029497765438                    0                    0    0.000087240534036    0.088876423808011  -45.954125440348392  -47.716198871761904  -50.122700807673134  -42.526756799485661
           009643210                   15                    1                    1              0.00191                    0                    0    0.000113544741413    0.098047220836503                    0                    0    0.000031315197268    0.027616767792272  -87.576628259959577  -87.943347705089280  -88.463006890288156  -78.117258041741366
           009653110                   16                    1                    0              0.00489                    0                    0                    0    0.118571787002156                    0                    0                    0    0.069907775873155  -75.812389981456633  -76.969161501083136  -76.920788891690194  -82.365919857243824
           009726020                   14                    1                    0              0.00322                    0                    0                    0    0.217030506298553                    0                    0                    0    0.056707328963834  -66.044983387788108  -71.496143607291600  -73.406296423582489  -77.716793573830017
           009752189                   17                    1                    0              0.00215                    0                    0                    0    0.112889158996885                    0                    0                    0    0.046364604614547  -94.660127156960456  -97.992285496464262  -98.385265311990182 -101.588230698803045
           009761113                   16                    1                    2              0.00193                    0    0.000000224982018   -0.000416375882057    0.806162614637382                    0    0.000000086681219    0.000152686245464    0.058177353977636  -90.883416448672264  -91.688580670134911  -83.323946155714395  -86.665310584684462
           009833666                   19                    1                    0              0.01172                    0                    0                    0    0.158241904523983                    0                    0                    0    0.108272430880868  -72.787812698965269  -72.057791137395995  -75.285623823558751  -81.533540376473340
           010004510                   16                    1                    0              0.00362                    0                    0                    0    0.209906554766291                    0                    0                    0    0.060184675872835  -82.389982418766110  -85.186050532806149  -86.262154420113689  -87.158211683489199
           010071383                   16                    1                    1              0.00183                    0                    0   -0.000077945238646    0.296811161319080                    0                    0    0.000034358155331    0.034917460229192  -88.710177166229343  -92.487615035607604  -95.349537965513818  -91.395928995052529
           010080792                   16                    1                    3              0.00158   -0.000000000497166    0.000001273900132   -0.000927792867004    0.343599196672830    0.000000000191404    0.000000515553270    0.000422230803714    0.102931114498607  -92.066600631219430  -80.032666844871514  -84.199908753198898  -89.023492469384152
           010197260                   16                    1                    0              0.00337                    0                    0                    0    0.168974228749796                    0                    0                    0    0.058010917352684  -81.232795477307334  -84.039671003241736  -83.689565746947977  -88.335381067524025
           010330818                   18                    1                    0              0.00122                    0                    0                    0    0.094184038712324                    0                    0                    0    0.034940609492083 -114.366661358327235 -112.760631272302930 -111.041815248115853 -117.857427338841063
           010515986                   16                    1                    3              0.00541   -0.000000000880080    0.000002482564228   -0.002153680264503    1.070584281174485    0.000000000422020    0.000001145141878    0.000945292438376    0.233261586695432  -72.421523766915584  -63.302547618171410  -64.662202448847637  -63.963076156667150
           010710753                   15                    1                    1              0.00219                    0                    0    0.000073633571304    0.216224901487329                    0                    0    0.000038148015232    0.035851448232537  -80.850448582057012  -83.735969862183154  -86.410512159251795  -83.626724278685757
           010790812                   17                    1                    1              0.00398                    0                    0    0.000083966694414    0.290076063147604                    0                    0    0.000039648321606    0.036533340140673  -84.891054495665443  -85.415480920055074  -88.267304303940250  -86.203517193000380
           010815729                   17                    1                    2              0.00608                    0    0.000000495846616   -0.000763213352138    0.449403942698132                    0    0.000000148963188    0.000262203937694    0.100100358719371  -77.405490317346008  -78.246540900570750  -65.747888985152485  -69.915391233562119
           010847118                    1                    1                    0              0.00000                    0                    0                    0    0.144800058218030                    0                    0                    0    0.000000000000000    0.000000000000000    0.000000000000000    0.000000000000000                 -inf
           010861194                   17                    1                    0              0.00189                    0                    0                    0    0.165582299583947                    0                    0                    0    0.043528321638105  -99.332654379047625  -99.925139896650705 -101.997148748164079 -103.734464996434269
           010865206                   16                    1                    2              0.00235                    0    0.000000225921282   -0.000353558494337    0.307448269396594                    0    0.000000102433398    0.000184404935083    0.074325800542929  -87.235973153001538  -88.530157427100193  -81.915778339704957  -83.170519061096215
           010909367                   14                    1                    0              0.00549                    0                    0                    0    0.319922530656698                    0                    0                    0    0.074103195840855  -65.983074817462025  -64.593064063095937  -67.338168002549367  -70.225247998286704
           010918016                   17                    1                    0              0.00871                    0                    0                    0    0.432718282553229                    0                    0                    0    0.093315828915431  -75.688089469478513  -75.762358227018723  -76.755929700833931  -77.806814655709275
           010932440                    9                    1                    1              0.01685                    0                    0    0.000277804682039    0.482050424726159                    0                    0    0.000133997838383    0.133136405186778  -28.057586630959051  -30.201614935594812  -32.355573912169376  -27.422408438185432
           010975238                   17                    1                    0              0.00412                    0                    0                    0    0.299116121152555                    0                    0                    0    0.064173589734960  -81.442044758425396  -85.010172910934642  -87.655824076086887  -90.536346600087342
           011017401                   14                    1                    0              0.00478                    0                    0                    0    0.247393262195584                    0                    0                    0    0.069105664626980  -63.645177985542304  -66.198279403477358  -69.254599986612916  -72.180262751704774
           011033205                   15                    1                    3              0.00124   -0.000000000406531    0.000001392656602   -0.001423790583042    0.583539615963472    0.000000000278728    0.000000777033264    0.000667940206705    0.174184464240933  -89.554626094843613  -88.608071610491933  -83.526703300173153  -87.327702524041698
           011074251                   12                    1                    0              0.01939                    0                    0                    0    0.532271181452632                    0                    0                    0    0.139263461836198  -43.807161115187945  -45.412846806294866  -46.714197663242913  -44.828398893703046
           011080481                   18                    1                    0              0.00497                    0                    0                    0    0.311745410926593                    0                    0                    0    0.070494184303094  -82.586039765237359  -86.358878799192382  -89.272290142598067  -92.589730572069612
           011087095                   17                    1                    0              0.00322                    0                    0                    0    0.300064275632797                    0                    0                    0    0.056727819044277  -89.007928348915840  -89.185521639977878  -91.449896966880701  -94.729465453497866
           011137723                   14                    1                    0              0.00644                    0                    0                    0    0.533513676979821                    0                    0                    0    0.080222881430261  -66.635128319146958  -63.706000365767260  -64.726392376365823  -68.003444675552871
           011190713                   16                    1                    0              0.00469                    0                    0                    0    0.220813205454625                    0                    0                    0    0.068452114944113  -75.438317254375022  -78.129770155781500  -79.562664670165816  -83.039277840174279
           011196403                   17                    1                    0              0.00494                    0                    0                    0    0.271210608097315                    0                    0                    0    0.070301039444589  -84.432730320507630  -83.574106670372458  -85.073494704443334  -87.435722266709888
           011244980                   17                    1                    0              0.00600                    0                    0                    0    0.160745695444487                    0                    0                    0    0.077490766604186  -71.567627092943326  -73.183478040692506  -77.071173403726064  -84.125067326544709
           011395206                   15                    1                    0              0.01448                    0                    0                    0    0.510033513265646                    0                    0                    0    0.120346100318603  -54.881596471466253  -57.065486798699723  -59.955907782982422  -60.813455342339914
           011413380                   17                    1                    0              0.00597                    0                    0                    0    0.215181414678146                    0                    0                    0    0.077270326259800  -77.091914896659986  -77.266754886716001  -77.993275593135238  -84.221925996113782
           011495571                   14                    1                    0              0.01472                    0                    0                    0    0.379469978853063                    0                    0                    0    0.121335228933778  -55.748869167045115  -52.717974311099930  -50.419689293944806  -56.418488827923611
           011665620                   19                    1                    0              0.34956                    0                    0                    0    0.680467386755099                    0                    0                    0    0.591232965970563   -8.154836720016824  -10.279515442889059  -12.571646782659535  -17.026276712807793
           011856076                   14                    1                    0              0.01125                    0                    0                    0    0.322141455765913                    0                    0                    0    0.106079933150664  -55.280910922655792  -60.914716816588346  -54.113159540022927  -60.180689386636907
           011876227                   14                    1                    0              0.00847                    0                    0                    0    0.395356815726072                    0                    0                    0    0.092018778478520  -56.148915373178482  -58.672657989902767  -60.411529506860809  -64.162295718592091
           011971335                   18                    1                    0              0.00888                    0                    0                    0    0.342242852788410                    0                    0                    0    0.094214313002004  -73.152864066612082  -75.723064582036272  -80.404635113522858  -82.148222226942096
           012258055                   17                    1                    0              0.00175                    0                    0                    0    0.199236109785364                    0                    0                    0    0.041885422268488  -99.003255800076388  -98.043984897150267 -100.341280585442306 -105.042579269522321
           012314646                   17                    1                    0              0.00532                    0                    0                    0    0.404519033382319                    0                    0                    0    0.072951903349302  -76.593277041772012  -79.330043624592861  -82.172962295492709  -86.177253704912147
           012354328                   15                    1                    0              0.00615                    0                    0                    0    0.273580820292321                    0                    0                    0    0.078443583598472  -66.860191932759861  -69.886250391282346  -70.670966835340607  -73.653217584172452
           012365015                   16                    1                    3              0.00167    0.000000000675705   -0.000001682939166    0.001107021232789    0.291420779760655    0.000000000258416    0.000000690214585    0.000557290728606    0.132585190368733  -91.205175966437466  -78.566059109603074  -81.328399459957438  -83.911698945601671
