#This is a file containing the data involved in the best fit of our KICs                                                                                                                                                                                                                                                                                                                                                
                #KIC                    N           group size          best degree               chi_sq                  X^3                  X^2                  X^1                  X^0               Error3               Error2               Error1               Error0                 BIC3                 BIC2                 BIC1                 BIC0
           000757099                   17                    1                    0              0.00116                    0                    0                    0    0.061449384035127                    0                    0                    0    0.034093740840443 -102.373095173252125 -104.269941803126187 -107.250665861991777 -112.040596452573979
           001570924                    8                    1                    3              0.00015   -0.000000000228676    0.000000577443970   -0.000444966237611    0.125329423563445    0.000000000154052    0.000000375834462    0.000278168572511    0.059559809685068  -62.346404996682743  -54.415599153318638  -54.940451682309714  -56.375844683616215
           002017803                   16                    1                    0              0.00766                    0                    0                    0    0.145531068190868                    0                    0                    0    0.087534523224488  -69.657330192180623  -69.051914371930820  -70.563505925318239  -75.170515671244971
           003441906                   12                    1                    0              0.00054                    0                    0                    0    0.037073914097032                    0                    0                    0    0.023338023457834  -85.938794084573729  -83.876672685410639  -83.674105780558264  -87.699205521348574
           003452996                   13                    1                    0              0.00039                    0                    0                    0    0.038344937053771                    0                    0                    0    0.019818553785497  -93.137668945970205  -95.272562287104918  -96.316358653271394  -99.384605367077356
           003539331                   14                    1                    3              0.00032   -0.000000000203075    0.000000588462007   -0.000519127004857    0.169645561951165    0.000000000118414    0.000000321014339    0.000263562308392    0.063618328228187 -102.126927410166601  -94.662003695481729  -94.088776144313258  -97.177428916514984
           003832966                   13                    1                    0              0.00240                    0                    0                    0    0.056028927120822                    0                    0                    0    0.049009355155698  -70.687792544080551  -73.262407048589097  -71.639205951223317  -75.844396658834796
           003962715                   13                    1                    0              0.00041                    0                    0                    0    0.060661175920100                    0                    0                    0    0.020280225668893  -96.051244410458139  -97.206991689188186  -94.424572892520175  -98.785883931793151
           004059416                   13                    1                    0              0.00013                    0                    0                    0    0.051567262547564                    0                    0                    0    0.011530247601345 -107.690863192425667 -110.166271756460716 -114.247259354658965 -113.467368872952605
           004169930                   13                    1                    0              0.00057                    0                    0                    0    0.054581268839926                    0                    0                    0    0.023892885938485  -94.254989847349492  -89.618689550661060  -92.683445379394243  -94.523588262161397
           004175707                   14                    1                    0              0.00110                    0                    0                    0    0.094435925166248                    0                    0                    0    0.033161227793784  -87.576655125710474  -86.541949824987626  -89.703634402078521  -92.739412515783485
           004248763                   14                    1                    0              0.00071                    0                    0                    0    0.063977919130033                    0                    0                    0    0.026713182402537  -94.094712927746812  -93.092048594327238  -97.805055720945347  -98.793689819700205
           004349043                   15                    1                    0              0.00036                    0                    0                    0    0.032972241156891                    0                    0                    0    0.018887629572028 -110.411427461088081 -110.816098204013386 -112.365226739311893 -116.369392535100886
           004351414                   16                    1                    0              0.00073                    0                    0                    0    0.068895373108282                    0                    0                    0    0.027070038485081 -110.177450092448410 -108.086604653330724 -107.362753686384139 -112.725899395181600
           004633285                   10                    1                    0              0.00122                    0                    0                    0    0.056001519139890                    0                    0                    0    0.034935045723045  -62.918113075214308  -59.792464859759775  -61.575946387763487  -64.782710470510352
           004665568                    9                    1                    0              0.00011                    0                    0                    0    0.033999098425363                    0                    0                    0    0.010560529128256  -76.792238481716822  -75.817256590778399  -76.987712090878119  -79.714149534768794
           004671547                    5                    1                    0              0.00003                    0                    0                    0    0.026275706541834                    0                    0                    0    0.005057606564475    0.000000000000000    0.000000000000000  -52.370628274117827  -51.259181273176523
           004742436                    4                    1                    0              0.00009                    0                    0                    0    0.020719278763411                    0                    0                    0    0.009377765234424    0.000000000000000    0.000000000000000    0.000000000000000  -35.969015977110459
           004819564                   15                    1                    2              0.00128                    0    0.000000142555453   -0.000212384957545    0.110088262260474                    0    0.000000053833887    0.000097471386764    0.039877345770532  -86.249569491535610  -91.820952182890196  -84.689621422767615  -85.444880043135399
           004907159                   16                    1                    3              0.00011    0.000000000169378   -0.000000405095322    0.000269180706843    0.019835543431321    0.000000000070594    0.000000188588280    0.000153172393478    0.036850299502795 -134.566168768262713 -122.971286900286287 -121.832383106043835 -126.387088544365909
           005115335                   14                    1                    0              0.00283                    0                    0                    0    0.093792007044645                    0                    0                    0    0.053154369438132  -67.657601769039289  -68.843579162819779  -73.107583352140324  -79.528481774744961
           005213142                    6                    1                    0              0.00024                    0                    0                    0    0.028098713015842                    0                    0                    0    0.015492093199420    0.000000000000000  -46.852174794579639  -44.742831602539944  -48.217346547294817
           005268904                    7                    1                    0              0.00015                    0                    0                    0    0.021444305473241                    0                    0                    0    0.012267002941612  -61.214683244735063  -53.914560024467129  -56.947050291673953  -59.665882178803514
           005290153                   12                    1                    0              0.00054                    0                    0                    0    0.054460861430943                    0                    0                    0    0.023322259473781  -77.266783010580056  -78.678011131110154  -82.867304335205958  -87.715422123901590
           005357275                   12                    1                    0              0.00022                    0                    0                    0    0.032534540695130                    0                    0                    0    0.014770133121429  -97.296311572638189 -100.359465458108417  -96.774569027591014  -98.678649418662687
           005446821                   16                    1                    2              0.00113                    0    0.000000126269749   -0.000164628767036    0.121974951265179                    0    0.000000076935873    0.000134046328788    0.050534091772504  -97.216553109544947 -100.233917126333026  -97.000508229776969  -95.994084397333609
           005460828                   13                    1                    0              0.00080                    0                    0                    0    0.064233953969242                    0                    0                    0    0.028283616339196  -87.575456265286007  -84.720887225315764  -84.894165193997168  -90.137337460459491
           005609753                   12                    1                    0              0.00052                    0                    0                    0    0.040031532776395                    0                    0                    0    0.022712396020397  -87.361284437047487  -82.847452175838228  -85.226710708054355  -88.351359510578504
           005739251                   14                    1                    0              0.00021                    0                    0                    0    0.037445640980592                    0                    0                    0    0.014380987281482 -112.111640156307686 -112.746828142872957 -115.606480533511203 -116.132694299701953
           005951140                   15                    1                    0              0.00023                    0                    0                    0    0.040824579330417                    0                    0                    0    0.015036229471237 -112.846354344305524 -116.479821290265221 -118.423024103104837 -123.210730557149020
           005966921                   15                    1                    0              0.00042                    0                    0                    0    0.042591003542962                    0                    0                    0    0.020384282290147 -110.573914880669946 -112.811116487327425 -110.524370070321822 -114.081684331126851
           006130409                   14                    1                    2              0.00012                    0    0.000000066185606   -0.000107793678810    0.065316878594701                    0    0.000000024598163    0.000042555911310    0.015054517099816 -117.026692861106895 -118.825152550278730 -112.565661508739680 -115.423630549288362
           006356144                    9                    1                    0              0.00021                    0                    0                    0    0.028993773279252                    0                    0                    0    0.014516360027687  -70.270181562015892  -68.975207845381362  -71.794906727434849  -73.987397203263214
           006470998                   16                    1                    0              0.00507                    0                    0                    0    0.104106467752784                    0                    0                    0    0.071206133702925  -72.468827456324391  -74.252322458513248  -76.562121823790079  -81.777053414134571
           006521526                    4                    1                    0              0.00004                    0                    0                    0    0.018594096592760                    0                    0                    0    0.006424728266942    0.000000000000000    0.000000000000000    0.000000000000000  -38.994513176305482
           006535050                    7                    1                    0              0.00033                    0                    0                    0    0.025460193290666                    0                    0                    0    0.018190579354785  -50.536843036087554  -49.908302033698064  -50.999738807500918  -54.150009965846941
           006675714                    5                    1                    0              0.00022                    0                    0                    0    0.034339170939887                    0                    0                    0    0.014705080429736    0.000000000000000    0.000000000000000  -39.975384562210088  -40.586184461975073
           006784274                    2                    1                    0              0.00001                    0                    0                    0    0.024573270958165                    0                    0                    0    0.003417584483498    0.000000000000000    0.000000000000000    0.000000000000000  -22.022137894735032
           006846570                   10                    1                    0              0.00016                    0                    0                    0    0.031255424890662                    0                    0                    0    0.012768235636602  -81.768290340801656  -79.002075409974708  -81.573732357231847  -84.913310570953101
           006949412                   14                    1                    0              0.00060                    0                    0                    0    0.054638895758339                    0                    0                    0    0.024552013343020  -93.343765006312211  -95.836933704231086  -97.785614184196874 -101.155862380131552
           006953069                   17                    1                    1              0.00042                    0                    0    0.000075992233897    0.025645233304724                    0                    0    0.000014901435798    0.012814620175308 -121.796261824821144 -124.615107820046092 -126.316973882610455 -108.238526297666255
           007107762                   17                    1                    0              0.00060                    0                    0                    0    0.077781761315327                    0                    0                    0    0.024553012978060 -119.570922313189172 -117.079254882878274 -119.363063087340109 -123.202090593356104
           007191311                    4                    1                    0              0.00005                    0                    0                    0    0.021274617198938                    0                    0                    0    0.007161559727649    0.000000000000000    0.000000000000000    0.000000000000000  -38.125925500287849
           007199013                    1                    1                    0              0.00000                    0                    0                    0    0.034235208266039                    0                    0                    0    0.000000000000000    0.000000000000000    0.000000000000000    0.000000000000000                 -inf
           007218950                   14                    1                    0              0.00041                    0                    0                    0    0.036922165459014                    0                    0                    0    0.020262901276748  -98.506581456578317 -100.585310821964839 -103.152807050145768 -106.531923140134538
           007350067                   15                    1                    0              0.00015                    0                    0                    0    0.034450978588253                    0                    0                    0    0.012394655439614 -120.663594461191678 -123.408965789874017 -125.307429274751229 -129.006647165446395
                   0                    0                    0                    0                    0                    0                    0                    0                    0                    0                    0                    0                    0                    0                    0                    0                    0
           007465605                    1                    1                    0              0.00000                    0                    0                    0    0.017966595731003                    0                    0                    0    0.000000000000000    0.000000000000000    0.000000000000000    0.000000000000000                 -inf
           007592133                    3                    1                    0              0.00000                    0                    0                    0    0.017868656801801                    0                    0                    0    0.001660834368156    0.000000000000000    0.000000000000000    0.000000000000000  -37.303998740160971
           007691547                    5                    1                    0              0.00016                    0                    0                    0    0.031415030267763                    0                    0                    0    0.012505283171556    0.000000000000000    0.000000000000000  -41.379703100781242  -42.206602789989304
           007800087                   16                    1                    0              0.00229                    0                    0                    0    0.123394303121794                    0                    0                    0    0.047816703015639  -90.255830253857170  -91.546347109315562  -92.731791820337961  -94.519579759343046
           007939565                   10                    1                    0              0.00011                    0                    0                    0    0.028777158126230                    0                    0                    0    0.010499902499496  -83.163101500910770  -85.310171792368635  -86.351074151441466  -88.825201059487341
           007987514                   11                    1                    0              0.00010                    0                    0                    0    0.025816625774118                    0                    0                    0    0.009858000636127  -95.398932383858181  -97.551249930746977  -96.312659938459532  -99.230486662940663
           008149616                    8                    1                    0              0.00006                    0                    0                    0    0.023056170789180                    0                    0                    0    0.007466809062493  -71.766937658800458  -73.446165422074799  -74.598882779874700  -76.277159067943728
           008196449                   11                    1                    0              0.00005                    0                    0                    0    0.024294313744715                    0                    0                    0    0.007160686890176 -103.900851311940670 -106.705996873931667 -106.196196355462192 -106.263390828237320
           008197275                   17                    1                    1              0.00546                    0                    0    0.000146664027982    0.104074381266650                    0                    0    0.000047844729479    0.041778078127138  -79.812792623043379  -82.501108566166948  -82.896069203046039  -76.654362582538795
           008226464                    8                    1                    2              0.00001                    0   -0.000000023306715    0.000029034726105    0.015621423446224                    0    0.000000014330512    0.000021875966597    0.006705230432770  -89.637494676198045  -90.586512962740031  -87.695199992527648  -86.867430293815190
           008314902                   15                    1                    0              0.00092                    0                    0                    0    0.067661301771366                    0                    0                    0    0.030249177407975  -96.594084950741205  -95.223815188043318  -97.777423907488924 -102.240538438892315
           008331561                   15                    1                    0              0.00066                    0                    0                    0    0.072352917040884                    0                    0                    0    0.025638087979853 -101.899031120549395 -104.535108681791669 -104.646678848428493 -107.202236443264454
           008378945                   15                    1                    0              0.00042                    0                    0                    0    0.068463753717945                    0                    0                    0    0.020440344258635 -114.983091277694584 -105.047954863615047 -110.305910898262326 -113.999289940583026
           008423343                   15                    1                    2              0.00069                    0    0.000000127208003   -0.000294833449882    0.210540949127274                    0    0.000000060804164    0.000115407816011    0.050213251283946  -98.377321971380397 -101.052120106830415  -96.905361543789667  -94.368610090662173
           008479655                    3                    1                    0              0.00002                    0                    0                    0    0.022083169356597                    0                    0                    0    0.004760022802973    0.000000000000000    0.000000000000000    0.000000000000000  -30.986404632590887
           008487242                   12                    1                    0              0.00014                    0                    0                    0    0.033823554018614                    0                    0                    0    0.011932267675908 -102.241503956562468 -102.111636608529153 -103.060834672867657 -103.799308849397846
           008610168                   13                    1                    0              0.00024                    0                    0                    0    0.032101582847418                    0                    0                    0    0.015637144780215  -95.714828511077684  -97.830953878406206 -100.606365931352670 -105.545809745395545
           008611876                   17                    1                    0              0.00053                    0                    0                    0    0.062002452493883                    0                    0                    0    0.022991785582884 -116.947119982797474 -118.989797886963487 -120.363777780915541 -125.435808020087620
           008651471                    5                    1                    1              0.00004                    0                    0    0.000026919467523    0.009556431116342                    0                    0    0.000013023436320    0.011618873892379    0.000000000000000    0.000000000000000  -47.208681908666271  -41.614573470837620
           008742449                   17                    1                    0              0.00140                    0                    0                    0    0.060033390533372                    0                    0                    0    0.037360386124357 -109.659064062433018 -109.188806817619280 -109.875362200761657 -108.929693890920760
           008814775                   15                    1                    0              0.00023                    0                    0                    0    0.045560807303300                    0                    0                    0    0.015312489103823 -115.465594919045969 -116.952248937858343 -118.923787835061120 -122.664544866833694
           008873450                   10                    1                    0              0.00012                    0                    0                    0    0.028441553019381                    0                    0                    0    0.011095057484581  -84.091110038930722  -83.449077216116194  -85.667642432912459  -87.722525736727007
           009048949                   12                    1                    0              0.00042                    0                    0                    0    0.032994185109172                    0                    0                    0    0.020391360200636  -87.516431508754437  -88.311584329804361  -88.852897272177856  -90.938549048253321
           009306085                   17                    1                    0              0.01180                    0                    0                    0    0.155605507919328                    0                    0                    0    0.108628276584526  -65.217836591951254  -67.844540733783987  -69.496568988462840  -72.640786732627063
           009346592                    2                    1                    0              0.00019                    0                    0                    0    0.028516582917187                    0                    0                    0    0.013638247724619    0.000000000000000    0.000000000000000    0.000000000000000  -16.486361222465185
           009347955                   17                    1                    0              0.00157                    0                    0                    0    0.071641267766282                    0                    0                    0    0.039612876827095 -100.036659473029104 -102.881826552950031 -104.867859490661019 -106.939222055975634
           009349698                   15                    1                    2              0.00128                    0    0.000000115247259   -0.000202230682740    0.114070818591215                    0    0.000000049075752    0.000081609725848    0.029781288368694  -89.432422455663243  -91.800119937665343  -85.680924366421237  -89.094769345802121
           009395205                   11                    1                    0              0.00004                    0                    0                    0    0.023099130189614                    0                    0                    0    0.006365027972775 -110.854694098746847 -107.031647402930403 -109.310262137584019 -108.854711075652659
           009414097                   13                    1                    0              0.00015                    0                    0                    0    0.041536182685816                    0                    0                    0    0.012201214461560 -106.441033911927377 -108.769137011676420 -110.423368964886436 -111.996765082901405
           009456920                   14                    1                    0              0.00079                    0                    0                    0    0.044947644105580                    0                    0                    0    0.028028927073409  -90.240252376730908  -93.280947809878313  -93.217104929274925  -97.447452055707430
           009468966                   15                    1                    0              0.00090                    0                    0                    0    0.047417223114403                    0                    0                    0    0.030012002301698 -100.879240872404040  -98.795188594089893 -100.231359128708618 -102.476686817080079
           009511937                   14                    1                    0              0.00348                    0                    0                    0    0.081196435600838                    0                    0                    0    0.058980004073104  -69.000912009525479  -72.074768523692583  -74.719547527541778  -76.616533253390998
           009643210                    9                    1                    0              0.00021                    0                    0                    0    0.027383939718008                    0                    0                    0    0.014470427534502  -74.507401722544060  -69.870847319741415  -71.668079484576026  -74.044442887788676
           009752189                   10                    1                    2              0.00008                    0    0.000000054378830   -0.000094875849960    0.062604343334988                    0    0.000000030826398    0.000052605212631    0.019435148392391  -86.493927064156210  -87.227264208618649  -79.976846503229382  -83.787308841905983
                   0                    0                    0                    0                    0                    0                    0                    0                    0                    0                    0                    0                    0                    0                    0                    0                    0
           010004510                   15                    1                    0              0.00044                    0                    0                    0    0.050218684531725                    0                    0                    0    0.021028845296941 -109.175562087482916 -106.947562912637423 -108.682361618035173 -113.147755744770564
           010071383                   14                    1                    0              0.00113                    0                    0                    0    0.062123470587472                    0                    0                    0    0.033587901424419  -87.594620958081478  -89.475230931243885  -91.068875118402374  -92.381444568673928
           010197260                   10                    1                    0              0.00087                    0                    0                    0    0.041858508800885                    0                    0                    0    0.029566166851053  -62.777747139838525  -66.517951072813275  -67.289267121355678  -68.119906570546860
           010330818                    1                    1                    0              0.00000                    0                    0                    0    0.017375475936929                    0                    0                    0    0.000000000000000    0.000000000000000    0.000000000000000    0.000000000000000                 -inf
           010515986                   16                    1                    3              0.00028    0.000000000249137   -0.000000626363852    0.000431817180865    0.004718576138301    0.000000000099726    0.000000265781537    0.000214817496892    0.051247415001438 -119.654204482006634 -110.775087399057625 -113.117012977319945 -117.309119917379419
           010790812                   16                    1                    1              0.00032                    0                    0    0.000044259180968    0.017263015201402                    0                    0    0.000010286229943    0.008919497076751 -118.926276353352279 -121.083851882988938 -123.420555661085544 -114.121009210796785
           010815729                   10                    1                    0              0.00029                    0                    0                    0    0.038680268596767                    0                    0                    0    0.016898858034737  -79.119142959391382  -80.960487758525417  -75.186361933180237  -79.307599531911180
           010861194                   17                    1                    0              0.00013                    0                    0                    0    0.040811815315268                    0                    0                    0    0.011417243476164 -140.716977634518514 -144.001791289655500 -146.771006003201535 -149.236223001739290
           010865206                   15                    1                    0              0.00157                    0                    0                    0    0.056632330160060                    0                    0                    0    0.039640590597106  -86.647162839412175  -91.176384624909147  -89.043495861270401  -94.128999917273461
           010909367                   10                    1                    0              0.00022                    0                    0                    0    0.026914826917144                    0                    0                    0    0.014838162476055  -78.879438290864272  -78.979073868996593  -81.242279709978050  -81.908472332561914
           010918016                   17                    1                    0              0.00072                    0                    0                    0    0.089301433283330                    0                    0                    0    0.026917578118293 -114.746158453688167 -116.168255163766219 -114.590263099046155 -120.075961956732684
           010975238                   14                    1                    0              0.00045                    0                    0                    0    0.041705581702334                    0                    0                    0    0.021165747258642  -96.862858147621282  -98.726752558492223 -101.659171488594225 -105.311333450633398
           011017401                   13                    1                    0              0.00074                    0                    0                    0    0.068560216747225                    0                    0                    0    0.027229718866732  -85.677135297131684  -87.805377306596739  -90.614071271398728  -91.124654357895338
           011074251                   14                    1                    0              0.00581                    0                    0                    0    0.128654295515999                    0                    0                    0    0.076219334807101  -59.403282246543910  -62.041402801457757  -63.844925433008108  -69.436865774170215
           011080481                   18                    1                    0              0.00151                    0                    0                    0    0.081511063074609                    0                    0                    0    0.038810991270218 -101.385077964341406 -103.997285066513484 -108.099154824074461 -114.075492765223999
           011087095                   15                    1                    0              0.00042                    0                    0                    0    0.062028127224864                    0                    0                    0    0.020549049527861 -111.692991248923377 -114.921261294368577 -114.016766607531906 -113.840167522751386
           011137723                   14                    1                    0              0.00074                    0                    0                    0    0.056413256400505                    0                    0                    0    0.027211724089058  -86.566474271088325  -90.380321091592762  -94.936075570419149  -98.275948914524918
           011190713                   12                    1                    0              0.00009                    0                    0                    0    0.029115226226910                    0                    0                    0    0.009251205912976 -102.399049428242648 -105.973131849593372 -106.986140910088324 -109.907126157845653
           011196403                   11                    1                    0              0.00022                    0                    0                    0    0.032260159016426                    0                    0                    0    0.014967384692278  -85.058270368034982  -86.567464898152409  -86.726295828863343  -90.043504306689186
           011244980                   10                    1                    0              0.00017                    0                    0                    0    0.034249752837699                    0                    0                    0    0.012894741114944  -83.291352269899861  -73.507302240270064  -81.239642621824942  -84.716129231824596
           011395206                   14                    1                    0              0.00281                    0                    0                    0    0.102525920739597                    0                    0                    0    0.053014762142817  -66.488227487300264  -70.791818945644323  -74.355228487981151  -79.602119120433599
           011413380                   16                    1                    3              0.00025    0.000000000123240   -0.000000234606095    0.000096944206732    0.041443670369883    0.000000000094559    0.000000247229556    0.000195523781398    0.045191507558322 -121.662373481105647 -118.683418938498136 -110.097641504342221 -114.852916029576136
           011495571                    8                    1                    0              0.00021                    0                    0                    0    0.030202502238741                    0                    0                    0    0.014497065526212  -63.216834000188037  -58.636836661283141  -61.771993763498941  -65.661502898949081
           011856076                   10                    1                    0              0.00080                    0                    0                    0    0.042803734107513                    0                    0                    0    0.028272115525643  -58.228107405258143  -65.390447003081533  -63.268842691215660  -69.015000450847026
           011876227                   13                    1                    0              0.00015                    0                    0                    0    0.037356175362234                    0                    0                    0    0.012115705364091 -107.656838439584163 -108.236018745197839 -109.264571180652993 -112.179620947370523
           011971335                   16                    1                    0              0.00174                    0                    0                    0    0.085469802247490                    0                    0                    0    0.041654486678447  -95.792917358658642 -100.022292790057364  -92.948015375007586  -98.934489447326669
           012258055                    9                    1                    0              0.00017                    0                    0                    0    0.028860081681314                    0                    0                    0    0.012888658632974  -70.228566456573617  -72.449730098891095  -73.199977407602873  -76.128110963646250
           012314646                   13                    1                    0              0.00047                    0                    0                    0    0.037648807941198                    0                    0                    0    0.021701332891048  -89.461312930648063  -91.017156799586772  -93.317403718111976  -97.024972158596640
           012354328                   15                    1                    0              0.00052                    0                    0                    0    0.071761433770810                    0                    0                    0    0.022874619222770 -103.864132208514448 -106.634986216962943 -108.089606325615989 -110.623769217644636
