#This is a file containing the data involved in the best fit of our KICs                                                                                                                                                                                                                                                                                                                                                
                #KIC                    N           group size          best degree            chiSquare                  X^3                  X^2                  X^1                  X^0               Error3               Error2               Error1               Error0                 BIC3                 BIC2                 BIC1                 BIC0
           000757099                   17                    1                    0              0.01149                    0                    0                    0    0.175092200716436                    0                    0                    0    0.107185517044268  -62.135950852015156  -64.886687072620788  -67.318296389648935  -73.095387472776480
           001570924                   12                    1                    3              0.00017   -0.000000000217780    0.000000585940491   -0.000462476943230    0.136430710176775    0.000000000083945    0.000000225058486    0.000184554673234    0.045953680530616  -94.019139451167945  -80.656864724097403  -82.404320625813199  -86.806143019558107
           002017803                   16                    1                    0              0.02105                    0                    0                    0    0.589721705060460                    0                    0                    0    0.145102361252259  -60.006649503094124  -59.621088844620424  -55.040060996624725  -58.997518348128757
           003441906                   16                    1                    0              0.00063                    0                    0                    0    0.052660376952466                    0                    0                    0    0.025196523255414 -112.533760684524523 -108.402751153596000 -110.821551920514551 -115.020987598974330
           003452996                   13                    1                    0              0.00141                    0                    0                    0    0.068682440304504                    0                    0                    0    0.037614603296825  -81.438021363920825  -79.941274766222691  -79.811209694001363  -82.724486521837520
           003539331                   15                    1                    0              0.00118                    0                    0                    0    0.077800436801239                    0                    0                    0    0.034308513055678  -96.560846117099430  -92.485628683745375  -94.548059879406026  -98.462802645763347
           003557532                   10                    1                    3              0.00005   -0.000000000132517    0.000000393693413   -0.000331229209499    0.115987470165763    0.000000000064964    0.000000171362511    0.000135535210714    0.031166374440664  -89.933074767882360  -84.807375810464919  -83.973178635887294  -84.873847792056679
           003728906                    9                    1                    3              0.00002    0.000000000071268   -0.000000166282034    0.000108563282637    0.001930340310564    0.000000000043940    0.000000115429251    0.000090914359793    0.019940839057364  -90.180999812967556  -85.762949356790173  -85.583561219283411  -87.705028902941933
           003832966                   16                    1                    0              0.00610                    0                    0                    0    0.082167633454260                    0                    0                    0    0.078083102612494  -69.400759152872510  -74.635188691510635  -74.725153627728048  -78.826822520599336
           003858086                   13                    1                    0              0.00300                    0                    0                    0    0.092989856237730                    0                    0                    0    0.054741681003751  -67.849420858835828  -70.532463467953292  -70.467080449063459  -72.968427183688945
           004059416                   17                    1                    0              0.00094                    0                    0                    0    0.075600201547191                    0                    0                    0    0.030697405601709 -113.186117258079690 -116.050597009439684 -112.644251397643757 -115.608409281564420
           004070633                   14                    1                    1              0.01817                    0                    0   -0.000165353207377    0.380525912248997                    0                    0    0.000081114109992    0.084046328889083  -45.673899213741002  -48.658035910339237  -50.834515065762858  -48.713406971364890
           004169930                   14                    1                    3              0.00446   -0.000000000965615    0.000002379704828   -0.001598034969956    0.408377178605528    0.000000000407567    0.000001054593166    0.000789220346765    0.164965626729127  -65.206768637807542  -56.999079128049864  -58.664099649892933  -62.067083714936842
           004175618                   14                    1                    3              0.00371   -0.000000000229479    0.000000739026245   -0.000727943731421    0.366940590899145    0.000000000260469    0.000000707632924    0.000579329320405    0.138144025093589  -67.781427900741264  -63.969739790950037  -61.774911843467173  -63.679069445471455
           004175707                   14                    1                    0              0.00236                    0                    0                    0    0.160246838085308                    0                    0                    0    0.048572971097045  -75.008120830104446  -76.952597608218525  -79.427319032571717  -82.052208155817411
           004248763                   17                    1                    0              0.00120                    0                    0                    0    0.090467630996504                    0                    0                    0    0.034602517946219 -106.473072713787218 -105.533693112869969 -110.944316999700035 -111.536966758785979
           004349043                   17                    1                    0              0.00110                    0                    0                    0    0.058689057063866                    0                    0                    0    0.033193774953573 -105.044973902328792 -106.290496112778754 -107.890977366021843 -112.950146005259100
           004351414                   17                    1                    0              0.00101                    0                    0                    0    0.104566880162142                    0                    0                    0    0.031732910931305 -109.904070901769643 -111.358338637990300 -109.706568203611909 -114.480418511556948
           004383270                   14                    1                    0              0.00119                    0                    0                    0    0.095628252816315                    0                    0                    0    0.034494745630224  -81.551801558719589  -83.891148118347445  -87.455728335936399  -91.635494149659209
           004454890                   18                    1                    0              0.00110                    0                    0                    0    0.061042028315653                    0                    0                    0    0.033235246878625 -116.089764870749306 -117.504724641774573 -117.723020411188472 -119.658823518888951
           004585976                   17                    1                    0              0.00249                    0                    0                    0    0.075046350713500                    0                    0                    0    0.049939817966147  -89.297397950978350  -92.474729667179417  -92.935356308271494  -99.062632388345364
           004633285                   11                    1                    0              0.01220                    0                    0                    0    0.152377704673091                    0                    0                    0    0.110440596871734  -38.315537965298823  -40.441543380826324  -42.392489943371089  -46.074209451015257
           004671547                   14                    1                    0              0.00166                    0                    0                    0    0.060042189641312                    0                    0                    0    0.040765254471208  -84.306661425422703  -85.103299125306179  -85.539098833671090  -86.958847332170293
           004819564                   16                    1                    0              0.00633                    0                    0                    0    0.135467861782915                    0                    0                    0    0.079565081148167  -72.303749613057647  -77.573928495290033  -78.894877361741507  -78.225170043287619
           004907159                   16                    1                    0              0.00122                    0                    0                    0    0.098178865694375                    0                    0                    0    0.034906252763445 -105.392983827933989 -101.462357819810308 -102.510663120504773 -104.590268991201611
           005115335                   14                    1                    0              0.00255                    0                    0                    0    0.159357560198572                    0                    0                    0    0.050514365822168  -74.272914305416066  -73.452834255719608  -77.804434404737151  -80.954872990400588
           005213142                   10                    1                    0              0.00023                    0                    0                    0    0.036223361392442                    0                    0                    0    0.015234676601584  -72.742079516577419  -76.740428506807888  -77.472725923358993  -81.381036789058967
           005268904                   16                    1                    0              0.00029                    0                    0                    0    0.037221085942809                    0                    0                    0    0.016883936232538 -122.978023732361436 -121.329368520345440 -123.248054000159428 -127.831975369513927
           005290153                   13                    1                    0              0.00055                    0                    0                    0    0.080102374817424                    0                    0                    0    0.023425930087123  -84.432435570727208  -87.193340369723515  -92.324482316346931  -95.036756058108523
           005357275                   13                    1                    0              0.00063                    0                    0                    0    0.049925185459433                    0                    0                    0    0.025115792178537  -86.909585370073231  -92.387324092552021  -91.448932104506142  -93.225770608505897
           005426356                   11                    1                    3              0.00026   -0.000000000120970    0.000000334792220   -0.000303294136374    0.129304885194875    0.000000000123728    0.000000343508440    0.000288430602889    0.071520383692870  -81.406076395993182  -74.751648142631595  -77.044165741214456  -74.941435906728231
           005446821                   17                    1                    1              0.00293                    0                    0    0.000089890389223    0.069531512454103                    0                    0    0.000037213467335    0.032744849777105  -88.559624221194753  -91.657682654974053  -93.462852637126616  -88.728164201360883
           005460828                   13                    1                    0              0.00079                    0                    0                    0    0.096843961299426                    0                    0                    0    0.028078337928819  -86.775582098326936  -84.514121127462417  -85.354331900598567  -90.326729838321199
           005609753                   15                    1                    0              0.00173                    0                    0                    0    0.073314424652856                    0                    0                    0    0.041644063734163  -93.635229704986202  -88.400301758608236  -91.278378985084544  -92.649843236447197
           005739251                   16                    1                    0              0.00059                    0                    0                    0    0.089800465477130                    0                    0                    0    0.024282477500341 -110.169308384134027 -112.109242355939429 -114.247236193347263 -116.203420214317561
           005791720                   17                    1                    0              0.00189                    0                    0                    0    0.174369197327212                    0                    0                    0    0.043432424607768  -96.464100000239085  -99.422474601852741 -101.774649123160529 -103.809452861509115
           005951140                   17                    1                    3              0.00025    0.000000000317593   -0.000000748338627    0.000472116867334    0.018886568329508    0.000000000089726    0.000000233467446    0.000180366430834    0.039240143043871 -129.488182070684587 -116.728151477887764 -115.148946568301241 -120.060096105134960
           005962956                   17                    1                    0              0.00177                    0                    0                    0    0.120750134649239                    0                    0                    0    0.042051686042944  -97.971698300817948 -100.528792587095211 -100.867114716189036 -104.907883761454627
           005966921                   17                    1                    0              0.00075                    0                    0                    0    0.088644674720807                    0                    0                    0    0.027327943835897 -115.620967168259696 -119.455043347048644 -115.157517624895831 -119.561534219097751
           006130409                   18                    1                    2              0.00046                    0    0.000000096829247   -0.000164508196657    0.107127104945246                    0    0.000000034050523    0.000059355270137    0.022845145414493 -126.347456445641839 -129.736776699293557 -119.598182506724413 -124.693689107191119
           006356144                   15                    1                    2              0.00018                    0    0.000000053814053   -0.000117313450060    0.092397021193343                    0    0.000000026832393    0.000047760600282    0.019160467966168 -120.331483359513271 -121.635604932548304 -116.093680495034846 -112.494759516195799
           006470998                   16                    1                    0              0.01061                    0                    0                    0    0.426129327765337                    0                    0                    0    0.103006171242633  -64.663288070392483  -66.928223751623989  -69.195370413059464  -69.962335360010243
           006521526                   13                    1                    2              0.00028                    0    0.000000139851282   -0.000283519401792    0.180940961597090                    0    0.000000055222154    0.000107166373520    0.048501585244893  -96.169396853692035  -98.488391199584669  -93.857263195376191  -96.198913891410797
           006535050                   13                    1                    0              0.00055                    0                    0                    0    0.045971811679861                    0                    0                    0    0.023531378689866  -89.239233563170032  -93.294610099167585  -91.639815744148194  -94.919983255264938
           006675318                   17                    1                    0              0.00359                    0                    0                    0    0.155631083239914                    0                    0                    0    0.059910936920356  -83.904275537123112  -86.713283719341661  -88.908117680658222  -92.873257599121942
           006675714                   13                    1                    0              0.00049                    0                    0                    0    0.042583727761563                    0                    0                    0    0.022129430417880  -88.514173737154238  -91.812621123219273  -95.135312565977785  -96.517069087261035
           006779613                   18                    1                    0              0.00169                    0                    0                    0    0.122833570014922                    0                    0                    0    0.041088074653683 -104.678511615980156 -104.755636703084889 -109.270150871798748 -112.022972985905625
           006784274                    7                    1                    0              0.00024                    0                    0                    0    0.032691134673263                    0                    0                    0    0.015408403360953  -53.772435653516474  -55.868014326677610  -53.248183212873798  -56.473881289325583
           006846570                   16                    1                    0              0.00062                    0                    0                    0    0.057153911426490                    0                    0                    0    0.024964234043177 -107.276307865301376 -110.260368806340210 -113.421913955692304 -115.317367013020416
           006870327                   16                    1                    0              0.00079                    0                    0                    0    0.076571893642069                    0                    0                    0    0.028017864413729 -103.310656123486893 -104.434852608320853 -107.498847922344652 -111.624625916986091
           006953069                   17                    1                    2              0.00067                    0    0.000000084981099   -0.000015361969543    0.081882307855598                    0    0.000000051454414    0.000086187042378    0.030477412834096 -112.679421698037430 -115.858001044012212 -110.643544451471058  -89.855817819897595
           007033830                   16                    1                    0              0.00057                    0                    0                    0    0.094066106624871                    0                    0                    0    0.023836640970502 -109.713809440289594 -110.387511470128530 -112.617915365739151 -116.796414336977108
           007036755                   17                    1                    0              0.00060                    0                    0                    0    0.054908030429712                    0                    0                    0    0.024459004423999 -114.496713843183130 -118.570539231081199 -119.329891697663868 -123.332519615756695
           007107762                   18                    1                    0              0.00419                    0                    0                    0    0.157491686065006                    0                    0                    0    0.064744736574637  -90.703396733241462  -96.134187617588054  -97.268338956410346  -95.652531566753709
           007191311                   13                    1                    0              0.00019                    0                    0                    0    0.033418493718700                    0                    0                    0    0.013770742867063 -108.216214505823828 -105.550126761798793 -106.949925563986213 -108.850485148794405
           007199013                    1                    1                    0              0.00000                    0                    0                    0    0.045171751656920                    0                    0                    0    0.000000000000000    0.000000000000000    0.000000000000000    0.000000000000000                 -inf
           007211157                   17                    1                    0              0.00206                    0                    0                    0    0.101334966009406                    0                    0                    0    0.045392615905745  -97.167758290031998  -99.943435821629919  -98.220539815692675 -102.308584957914533
           007218950                   16                    1                    3              0.00030   -0.000000000130890    0.000000393036054   -0.000384099326355    0.163848226493008    0.000000000101925    0.000000270000920    0.000216406022938    0.051012288282783 -118.753215717189960 -118.105248014109961 -116.656274752432907 -111.712475337974197
           007346691                   17                    1                    0              0.00173                    0                    0                    0    0.110574575809246                    0                    0                    0    0.041560152173429  -97.431865503706518 -101.722156320258165 -103.895651903366328 -105.307643997490999
           007350067                   17                    1                    2              0.00049                    0    0.000000118647429   -0.000238089426749    0.174880240393170                    0    0.000000041716660    0.000074121489540    0.029630000941426 -118.886185764608840 -121.107532869552017 -116.128370140577559 -117.131459444607188
           007350496                    1                    1                    0              0.00000                    0                    0                    0    0.025832423744984                    0                    0                    0    0.000000000000000    0.000000000000000    0.000000000000000    0.000000000000000                 -inf
           007465605                    7                    1                    3              0.00000   -0.000000000051661    0.000000138574468   -0.000109575261472    0.040109211269337    0.000000000032809    0.000000075910656    0.000052974113813    0.010737074546900  -85.911740971824557  -78.704953046418296  -76.368328708968406  -78.452230801407580
           007532880                   16                    1                    2              0.00077                    0    0.000000096686515   -0.000184181473497    0.144338015302474                    0    0.000000053000302    0.000091917118532    0.035413618005694 -102.191291634776292 -106.417909503784244 -102.184739032468599 -103.883108870428870
           007592133                   13                    1                    0              0.00080                    0                    0                    0    0.054903870736221                    0                    0                    0    0.028246126539794  -78.068660968208334  -81.338163400408291  -85.216323026539555  -90.171823197620100
           007691547                   11                    1                    0              0.00638                    0                    0                    0    0.109149380193100                    0                    0                    0    0.079878916460646  -45.599993320105227  -47.933255011031591  -49.358545707488048  -53.201458099739014
           007740983                   15                    1                    3              0.00061    0.000000000266556   -0.000000901464976    0.000880249354384   -0.142361787238309    0.000000000185538    0.000000516731360    0.000440047084977    0.110316648701836 -100.195401315623201  -96.202430737295558  -95.721822353754973  -98.003589013183202
           007800087                   16                    1                    3              0.00140   -0.000000000422440    0.000001136328726   -0.000815867990411    0.315434903523354    0.000000000222540    0.000000592281960    0.000475933377208    0.113466628697075  -93.995489655287983  -89.472049530918724  -92.247944140727412  -91.034556297827621
           007871438                   17                    1                    1              0.00081                    0                    0    0.000033310475536    0.025586784155939                    0                    0    0.000017385938994    0.015559941728815 -110.290766566061720 -113.119146211651753 -115.307928471391662 -113.129197054784072
           007939565                   15                    1                    0              0.00046                    0                    0                    0    0.063316342059573                    0                    0                    0    0.021359974499782 -109.609106994261666 -114.000794098761418 -111.624838377601577 -112.679043560536343
           007957709                   16                    1                    0              0.00089                    0                    0                    0    0.063890149762471                    0                    0                    0    0.029850309907447 -100.435411829445485 -102.773886555903331 -105.585700626837962 -109.597333102988969
           007987514                   14                    1                    0              0.00037                    0                    0                    0    0.052810762183654                    0                    0                    0    0.019358923371182  -99.418815017134946 -102.080969849201210 -104.618645064817329 -107.809793341221138
           008149616                   16                    1                    0              0.00077                    0                    0                    0    0.054398158630194                    0                    0                    0    0.027765903744780 -106.422141852491961 -107.234499238606901 -107.398704519607321 -111.913699118826372
           008196449                   16                    1                    0              0.00059                    0                    0                    0    0.045953923448593                    0                    0                    0    0.024375267227964 -113.673759382621895 -111.412089632805007 -113.925872242184155 -116.081372844474004
           008197275                   17                    1                    2              0.00746                    0   -0.000000512188668    0.001028069780615    0.109747742473334                    0    0.000000157929275    0.000266277308491    0.092477269525862  -72.539691341615452  -74.768492689684308  -64.154090935460601  -63.636147517006791
           008226464                   14                    1                    1              0.00059                    0                    0   -0.000027302407808    0.065210297087501                    0                    0    0.000010411508516    0.010579418972635  -96.549428916464279  -97.603574912259191  -98.710163951179851  -95.920261009297263
           008314902                   15                    1                    0              0.00117                    0                    0                    0    0.094838389742664                    0                    0                    0    0.034161237252553  -90.685857401149732  -91.780602784712968  -94.443289310904987  -98.591860540317199
           008331561                   16                    1                    0              0.00163                    0                    0                    0    0.127576500757950                    0                    0                    0    0.040352589939624  -95.568457644620821  -96.502402139446730  -98.933729526731810  -99.950601660815096
           008378945                   15                    1                    0              0.00060                    0                    0                    0    0.097576144177057                    0                    0                    0    0.024478509394788 -101.266286559288901 -100.687527195397209 -104.425439939389705 -108.590741216729299
           008423343                   16                    1                    0              0.00251                    0                    0                    0    0.105285252374361                    0                    0                    0    0.050106931576653  -92.984903025107315  -87.013434466775877  -88.872617549101420  -93.022480898177676
           008479655                   11                    1                    2              0.00003                    0    0.000000049238960   -0.000102429615564    0.068916196946335                    0    0.000000016434197    0.000029697374645    0.011528177211051 -106.914498932053618 -107.314864023054653  -98.163742198391333  -94.841402262754684
           008487242                   15                    1                    2              0.00025                    0    0.000000096513710   -0.000134668156361    0.079917910925986                    0    0.000000034553765    0.000063114808482    0.025832787835098 -116.394424073186599 -116.185375260538990 -114.011393562243939 -109.086691000152527
           008610168                   16                    1                    0              0.00057                    0                    0                    0    0.049150543273806                    0                    0                    0    0.023822626619679 -106.457243502716594 -107.435957723836495 -111.181081770393590 -116.815233729800767
           008611876                   17                    1                    0              0.00144                    0                    0                    0    0.125204096868554                    0                    0                    0    0.037925171970589  -98.148955988370872 -103.360732413667108 -103.266513980677345 -108.419554110999584
           008651471                   12                    1                    0              0.00053                    0                    0                    0    0.050406338598658                    0                    0                    0    0.022936538531906  -81.672124406807072  -85.032316444712748  -86.881067246915165  -88.115671052075996
           008681527                   17                    1                    0              0.00245                    0                    0                    0    0.132987972323580                    0                    0                    0    0.049495562474757  -96.950922197911950  -97.837937313502749  -96.452892571408384  -99.366443509565215
           008742449                   17                    1                    3              0.00064    0.000000000142620   -0.000000317251697    0.000207709382314    0.037552321860444    0.000000000126395    0.000000323165436    0.000245610164339    0.053206982435518 -113.708884602226092 -110.867613627538077 -109.895275810817338 -110.237129029380668
           008811811                   17                    1                    0              0.00059                    0                    0                    0    0.080289959731361                    0                    0                    0    0.024259021317655 -117.181825189143169 -121.194842656420150 -122.202617028679057 -123.611655057036543
           008814775                   17                    1                    2              0.00042                    0   -0.000000077964178    0.000124654273039    0.067521077527078                    0    0.000000038121076    0.000067069414413    0.025232436919729 -120.684769571202978 -123.519604016786445 -116.934492882716725 -119.261775699315308
           008873450                   14                    1                    0              0.00104                    0                    0                    0    0.058534744729698                    0                    0                    0    0.032305627192947  -89.902696514172206  -90.265890298873416  -91.936745766298117  -93.471330398355775
           009048949                   15                    1                    3              0.00016   -0.000000000124183    0.000000397380484   -0.000375994810006    0.148164919015382    0.000000000081320    0.000000205237354    0.000155166259893    0.034413944379612 -119.853128577251823 -113.560199054873323 -107.021928706325653 -110.047641124164642
           009205855                   15                    1                    2              0.00046                    0   -0.000000086254240    0.000119357487093    0.114730544520284                    0    0.000000051988246    0.000096536890059    0.039243629876237 -104.348616692621036 -107.131401838383155 -101.401697629585186 -100.817716894100343
           009306085                   17                    1                    0              0.01714                    0                    0                    0    0.365936014962988                    0                    0                    0    0.130938503326182  -62.777036309063178  -65.044699290978031  -66.935093075017747  -66.289721868807959
           009346592                   12                    1                    3              0.00004   -0.000000000130774    0.000000329670033   -0.000243732551552    0.074102703338184    0.000000000059692    0.000000152412009    0.000117750122803    0.027134050418596 -110.391058804753186  -98.071278983808071 -100.781437340530033 -104.402141845591160
           009347955                   17                    1                    1              0.00180                    0                    0    0.000044957386764    0.073243383649370                    0                    0    0.000021055648647    0.019112441434806 -100.415822455912021  -99.981497559370268 -101.758212994578230  -99.418210947624715
           009349698                   17                    1                    0              0.00312                    0                    0                    0    0.097737479164673                    0                    0                    0    0.055850990230916  -93.958912374544880  -96.699162525821095  -92.698496124773257  -95.259099452822610
           009395205                   17                    1                    0              0.00024                    0                    0                    0    0.045341517848182                    0                    0                    0    0.015628754543733 -134.446297848749765 -133.337131343955349 -135.132143921645593 -138.560642584426319
           009414097                   16                    1                    0              0.00058                    0                    0                    0    0.064179806336277                    0                    0                    0    0.024104905197233 -111.345633726438123 -114.056436756390681 -113.190110036760302 -116.438288847074872
           009456920                   17                    1                    0              0.00153                    0                    0                    0    0.072502559104232                    0                    0                    0    0.039118528323226 -101.367041161967634 -101.502159752038267 -101.114496747256510 -107.366194494411502
           009468966                   17                    1                    3              0.00063    0.000000000293466   -0.000000697916051    0.000431100309769    0.015202931360757    0.000000000140492    0.000000365531130    0.000281564957639    0.061129504520298 -114.045504657686493 -105.129621654412205 -105.747270264139772 -110.683786064066780
           009511937                   15                    1                    1              0.00789                    0                    0   -0.000159109278439    0.330039220207631                    0                    0    0.000055975309225    0.058700095874663  -63.426843672133685  -64.547040986162173  -67.220980294761247  -62.989841964023924
           009643210                   14                    1                    1              0.00056                    0                    0    0.000037235472567    0.012560416974922                    0                    0    0.000016799648097    0.015446591193869  -98.321463875513686  -98.739706939983563  -99.587904705651013  -96.118750564569609
           009653110                   15                    1                    3              0.00084   -0.000000000117808    0.000000377401133   -0.000364578662081    0.140657619848255    0.000000000147665    0.000000405476945    0.000342882084503    0.087533881825912  -95.370421979540708  -91.460076330214761  -88.988887523629572  -93.261750530172023
           009726020                   13                    1                    0              0.00030                    0                    0                    0    0.078821672611604                    0                    0                    0    0.017287511155092  -95.210838783339568  -95.908494766511168  -98.396628709556111 -102.937094997316279
           009752189                   15                    1                    0              0.00051                    0                    0                    0    0.049439796006373                    0                    0                    0    0.022598295133434 -106.862884761353101 -109.164449749957356 -108.048090774345496 -110.988374162590745
           009761113                   16                    1                    0              0.00213                    0                    0                    0    0.186381345802663                    0                    0                    0    0.046157648868929  -90.548813453691920  -91.349562260667597  -93.157678244783469  -95.649574236526462
           009833666                    6                    1                    0              0.00004                    0                    0                    0    0.030914996894167                    0                    0                    0    0.006544837817877    0.000000000000000  -57.461140954665098  -58.154746267585722  -58.557184444440992
           010004510                   15                    1                    0              0.00102                    0                    0                    0    0.075455223798859                    0                    0                    0    0.031993086620728  -93.837229603427488  -94.483029157029748  -95.618182940943683 -100.559013077658250
           010071383                   15                    1                    1              0.00056                    0                    0   -0.000042477167002    0.128028743244901                    0                    0    0.000018230075116    0.018266749024548 -102.731884928159559 -104.875793045012927 -106.778930380474250 -102.915388682698691
           010080792                    8                    1                    0              0.00008                    0                    0                    0    0.030636079202727                    0                    0                    0    0.009161006671930  -67.393380484244886  -69.080336307222140  -70.327893124660491  -73.005345780754951
           010197260                   14                    1                    2              0.00053                    0    0.000000085345079   -0.000120747312025    0.067541765866822                    0    0.000000036368862    0.000065645934203    0.026217942841452  -92.923339669110646  -97.670659443756975  -90.638909958463287  -90.288616812462649
           010330818                    9                    1                    2              0.00005                    0    0.000000064158610   -0.000122180894988    0.073675149046582                    0    0.000000031624489    0.000058475669177    0.021798270674151  -80.285482925086555  -81.767874585827045  -74.916777358257193  -78.701699049131363
           010515986                   16                    1                    0              0.00092                    0                    0                    0    0.139340849985000                    0                    0                    0    0.030295222895871 -102.589898069484988 -102.254598773846880 -105.758945780769167 -109.123898928920781
           010710753                   16                    1                    0              0.00065                    0                    0                    0    0.080891770479356                    0                    0                    0    0.025426553881074 -107.704389353396323 -109.000536675257393 -111.709353177613323 -114.730170402515853
           010790812                   17                    1                    1              0.00073                    0                    0    0.000058182033192    0.035024898150149                    0                    0    0.000015275803435    0.013441616601422 -111.993648949650833 -114.194438345180032 -117.025077909018236 -108.327730173459983
           010815729                   15                    1                    0              0.00104                    0                    0                    0    0.065288976719599                    0                    0                    0    0.032294150217587 -101.009168081494153 -102.069516727875126  -95.917865088403303 -100.278024988002898
           010847118                    1                    1                    0              0.00000                    0                    0                    0    0.137892800748161                    0                    0                    0    0.000000000000000    0.000000000000000    0.000000000000000    0.000000000000000                 -inf
           010861194                   17                    1                    0              0.00019                    0                    0                    0    0.063867801556780                    0                    0                    0    0.013940001423328 -140.689709934533454 -143.051739362528338 -143.640152610553599 -142.448540888503743
           010865206                   16                    1                    0              0.00232                    0                    0                    0    0.085244099317247                    0                    0                    0    0.048137403845104  -87.691195035672337  -91.591745670838137  -89.489584854257572  -94.305676152898769
           010909367                   12                    1                    0              0.00067                    0                    0                    0    0.054471404525681                    0                    0                    0    0.025799803600526  -80.589584248273056  -83.433817275887904  -83.071162829575073  -85.292414937402285
           010918016                   17                    1                    0              0.00379                    0                    0                    0    0.140684702831015                    0                    0                    0    0.061528064874946  -93.203146744654944  -90.951961698999014  -87.839193152536097  -91.967690196191811
           010932440                   13                    1                    0              0.00995                    0                    0                    0    0.159313362970361                    0                    0                    0    0.099739507165692  -57.939881640882774  -59.365769723111292  -57.549765046152679  -57.370079564268543
           010975238                   16                    1                    0              0.00060                    0                    0                    0    0.067856768860360                    0                    0                    0    0.024414512202709 -108.881467815263363 -112.023541920054228 -111.075181126720210 -116.029893232254551
           011017401                   14                    1                    0              0.00144                    0                    0                    0    0.096874843293483                    0                    0                    0    0.037886099591970  -79.806897122560287  -82.426542085905766  -86.163269481320910  -89.009730657841260
           011033205                   13                    1                    0              0.00042                    0                    0                    0    0.060125047251979                    0                    0                    0    0.020539370858677  -93.056867404517462  -93.461819772076680  -95.750027686149053  -98.455754972681504
           011074251                   15                    1                    0              0.01409                    0                    0                    0    0.270117410474243                    0                    0                    0    0.118708135729969  -51.552535572779945  -52.290708489103544  -54.996162599480456  -61.224572982276747
           011080481                   18                    1                    0              0.00234                    0                    0                    0    0.127488051358050                    0                    0                    0    0.048363776223360  -94.598305305035623  -97.511014888540274 -101.613614231582872 -106.153778383943674
           011087095                   17                    1                    0              0.00077                    0                    0                    0    0.097576897468579                    0                    0                    0    0.027743762722850 -118.823610439302783 -113.154842514036005 -115.807413915267617 -119.048090503063946
           011137723                   14                    1                    1              0.00048                    0                    0    0.000034396268352    0.088146461762274                    0                    0    0.000019919722620    0.019888180678373  -96.945883382447960  -99.205164439579420 -101.826037045863799  -99.810431582597730
           011190713                   15                    1                    0              0.00030                    0                    0                    0    0.050996656917364                    0                    0                    0    0.017302172964318 -110.305091563326044 -113.484544264202754 -114.962095048151767 -118.999645213663470
           011196403                   14                    1                    0              0.00060                    0                    0                    0    0.057107311203457                    0                    0                    0    0.024459534174003  -92.948171384366120  -95.654783871576001  -95.877865671338526 -101.261528082878513
           011244980                   17                    1                    0              0.00110                    0                    0                    0    0.059901634601914                    0                    0                    0    0.033128335206449 -102.089091556329791 -104.521807402847827 -107.535302485366955 -113.017241341004663
           011395206                   15                    1                    0              0.00239                    0                    0                    0    0.173924805758061                    0                    0                    0    0.048864484742262  -76.885346722595017  -81.063428948729111  -85.016545859435212  -87.853082691763120
           011413380                   17                    1                    0              0.00147                    0                    0                    0    0.077093214411272                    0                    0                    0    0.038300390704052 -102.121121509220686 -103.585290536587621 -102.685696946591165 -108.084822833655025
           011495571                   13                    1                    0              0.00061                    0                    0                    0    0.059762727608767                    0                    0                    0    0.024776205864366  -86.700283446571291  -86.813218583892251  -87.460502636737829  -93.579710352916976
           011665620                   17                    1                    0              0.01647                    0                    0                    0    0.207083343669729                    0                    0                    0    0.128350709349107  -54.892741738654166  -57.848931873208635  -61.377423250927599  -66.968407386024367
           011856076                   12                    1                    0              0.00120                    0                    0                    0    0.078845172057770                    0                    0                    0    0.034628187121827  -72.290625137742751  -77.750365038569427  -73.407568043535491  -78.229187875113951
           011876227                   14                    1                    0              0.00104                    0                    0                    0    0.071507661248586                    0                    0                    0    0.032276836946625  -90.079399299834947  -89.011155452257697  -89.746003128539883  -93.496294665704681
           011971335                   17                    1                    0              0.00317                    0                    0                    0    0.137042622590467                    0                    0                    0    0.056336368993171  -90.318278104225087  -92.471016121932536  -86.848025929527111  -94.964895524638592
           012258055                   13                    1                    0              0.00029                    0                    0                    0    0.047290634487426                    0                    0                    0    0.016955690274697 -102.346195063022606 -104.530880377749838 -102.311477951272295 -103.440997236405721
           012314646                   17                    1                    0              0.00099                    0                    0                    0    0.067498585227660                    0                    0                    0    0.031437080200190 -104.378234754930730 -107.275318504905442 -109.863196312513438 -114.798870935213927
           012354328                   15                    1                    0              0.00136                    0                    0                    0    0.108042041212607                    0                    0                    0    0.036818385356041  -86.840968407801327  -89.991114495936031  -91.704623143644270  -96.344688493912571
           012365015                   16                    1                    0              0.00117                    0                    0                    0    0.184593965028818                    0                    0                    0    0.034215679585947  -96.586030599310646  -97.644590719920672 -101.577667532790429 -105.229691999434337
