#This is a file containing the data involved in the best fit of our KICs                                                                                                                                                                                                                                                                                                                                                
                #KIC                    N           group size          best degree            chiSquare                  X^3                  X^2                  X^1                  X^0               Error3               Error2               Error1               Error0                 BIC3                 BIC2                 BIC1                 BIC0
           000757099                    9                    1                    0              0.00010                    0                    0                    0    0.024625128424576                    0                    0                    0    0.010154029183654  -78.028897864043017  -76.226966390986334  -76.768676783913193  -80.420699813087282
           001570924                    6                    1                    0              0.00026                    0                    0                    0    0.023151413116829                    0                    0                    0    0.016238112840337    0.000000000000000  -48.353045585709083  -46.558710566256948  -47.652970395734982
           002017803                    5                    1                    0              0.00029                    0                    0                    0    0.034552050339217                    0                    0                    0    0.016955482878066    0.000000000000000    0.000000000000000  -34.577206535636272  -39.162202325863504
           003441906                    9                    1                    0              0.00026                    0                    0                    0    0.025413841095904                    0                    0                    0    0.016079214108085  -70.698496547118552  -71.864083773891892  -67.989464829552105  -72.146877448081540
           003452996                    7                    1                    0              0.00015                    0                    0                    0    0.032866725475314                    0                    0                    0    0.012080009883179  -56.459388443060057  -59.557766093487089  -56.957302463261868  -59.880935607590935
           003539331                   11                    1                    3              0.00007   -0.000000000127223    0.000000390284272   -0.000365963637616    0.125731333677102    0.000000000078569    0.000000203032983    0.000160763801377    0.037718471736368  -96.220837920404108  -87.437207097537922  -81.253638099989601  -83.170875267836223
           003557532                    2                    1                    0              0.00000                    0                    0                    0    0.020244248297578                    0                    0                    0    0.000468714652867    0.000000000000000    0.000000000000000    0.000000000000000  -29.968918382398257
           003728906                    1                    1                    0              0.00000                    0                    0                    0    0.013080283662141                    0                    0                    0    0.000000000000000    0.000000000000000    0.000000000000000    0.000000000000000                 -inf
           003832966                    9                    1                    0              0.00097                    0                    0                    0    0.028293766440815                    0                    0                    0    0.031124388309542  -54.625812883560592  -55.134842530469527  -57.412181076057337  -60.258519810389366
           003858086                    8                    1                    0              0.00025                    0                    0                    0    0.039039400752042                    0                    0                    0    0.015867162533438  -63.990163330039287  -65.964965124057784  -62.799858348042761  -64.216615335020705
           004059416                    6                    1                    0              0.00034                    0                    0                    0    0.025114521969279                    0                    0                    0    0.018565082804248    0.000000000000000  -42.388992612940555  -43.233586899761576  -46.045913304317907
           004070633                   11                    1                    0              0.00011                    0                    0                    0    0.038790321056300                    0                    0                    0    0.010546888627573  -90.313238152488935  -92.626830347438641  -94.481643838238412  -97.744441073436676
           004169930                    8                    1                    1              0.00006                    0                    0    0.000011743947669    0.020283633031460                    0                    0    0.000006880476758    0.007234549397601  -70.693709475681473  -71.697758101271859  -74.127102699615989  -71.622734882182215
           004175618                    7                    1                    0              0.00174                    0                    0                    0    0.044659298162443                    0                    0                    0    0.041698507205804  -41.094278853752279  -37.683217553063244  -39.686468203152913  -42.536149140306293
           004175707                   12                    1                    3              0.00004    0.000000000123396   -0.000000279828805    0.000159741626309    0.016836610171884    0.000000000047053    0.000000123351413    0.000096112268884    0.020653942033370 -111.758155262015748 -103.763718880209268 -104.022203713795420 -105.539182083957343
           004248763                   11                    1                    0              0.00046                    0                    0                    0    0.035784071338494                    0                    0                    0    0.021505043474072  -79.468287447402986  -78.043075248701328  -80.150251067897997  -82.070396132914325
           004349043                    7                    1                    0              0.00031                    0                    0                    0    0.030238710013358                    0                    0                    0    0.017666715839199  -53.276345963153219  -51.642536277471351  -50.792763701019418  -54.559110041460279
           004351414                   13                    1                    2              0.00008                    0    0.000000064674573   -0.000117971981083    0.074680787577163                    0    0.000000021335843    0.000037563198495    0.014233133330620 -113.060048236582148 -115.586958034201913 -105.461264018881934 -108.887659085438841
           004383270                    8                    1                    3              0.00003   -0.000000000250220    0.000000550387795   -0.000311138655406    0.078309826780252    0.000000000121130    0.000000292280226    0.000199566406604    0.038341916284276  -75.241335109494230  -68.878593434162326  -66.717263204071784  -68.745461964535380
           004454890                    4                    1                    0              0.00011                    0                    0                    0    0.027273458936085                    0                    0                    0    0.010713009415042    0.000000000000000    0.000000000000000    0.000000000000000  -34.904077181754843
           004585976                    9                    1                    0              0.00196                    0                    0                    0    0.040556103379044                    0                    0                    0    0.044234426292678  -50.910301374604316  -50.983970615871193  -50.345252643708427  -53.931309940626022
           004633285                    6                    1                    0              0.00009                    0                    0                    0    0.030061766303757                    0                    0                    0    0.009705042476457    0.000000000000000  -51.703735249109599  -52.934603360861857  -53.829556758099073
           004671547                    1                    1                    0              0.00000                    0                    0                    0    0.014302160663664                    0                    0                    0    0.000000000000000    0.000000000000000    0.000000000000000    0.000000000000000                 -inf
           004819564                   10                    1                    0              0.00077                    0                    0                    0    0.037945402588507                    0                    0                    0    0.027682108645562  -61.943068379306482  -66.327242497964534  -65.868046653200992  -69.436794341855389
           004907159                   15                    1                    0              0.00032                    0                    0                    0    0.042746763482756                    0                    0                    0    0.017916638747372 -114.820908865966715 -117.095906733110780 -113.449419281257079 -117.952713566795708
           005115335                   13                    1                    0              0.00147                    0                    0                    0    0.048813935164085                    0                    0                    0    0.038275663371222  -72.122629815100794  -74.365903435892790  -78.613651430594942  -82.271516795366921
           005213142                    4                    1                    0              0.00024                    0                    0                    0    0.028058609234775                    0                    0                    0    0.015405219470638    0.000000000000000    0.000000000000000    0.000000000000000  -31.998096841443374
                   0                    0                    0                    0                    0                    0                    0                    0                    0                    0                    0                    0                    0                    0                    0                    0                    0
           005290153                    8                    1                    0              0.00038                    0                    0                    0    0.035281887527734                    0                    0                    0    0.019619959729447  -52.967728914162095  -54.053143581686385  -57.161841665102664  -60.819884496282860
           005357275                    3                    1                    0              0.00000                    0                    0                    0    0.017614082285095                    0                    0                    0    0.001911391389160    0.000000000000000    0.000000000000000    0.000000000000000  -36.460930668131240
           005426356                    2                    1                    0              0.00000                    0                    0                    0    0.020143497776599                    0                    0                    0    0.000769363135723    0.000000000000000    0.000000000000000    0.000000000000000  -27.986642746691142
           005446821                   16                    1                    1              0.00053                    0                    0    0.000040221297518    0.017749009162248                    0                    0    0.000015052122802    0.013398189614375 -109.576220306996916 -112.355781973078933 -115.014896570388373 -109.998954716262787
           005460828                   10                    1                    3              0.00007   -0.000000000061492    0.000000207617777   -0.000190326104869    0.074353740513894    0.000000000070103    0.000000190391714    0.000160719875117    0.042623688154354  -86.761729258866723  -83.312821816111551  -76.494770507184498  -81.416723475459392
           005609753                    4                    1                    0              0.00003                    0                    0                    0    0.023628669210600                    0                    0                    0    0.005384838653710    0.000000000000000    0.000000000000000    0.000000000000000  -40.407049086827996
           005739251                    2                    1                    0              0.00001                    0                    0                    0    0.017505001701466                    0                    0                    0    0.003606150995313    0.000000000000000    0.000000000000000    0.000000000000000  -21.807309946336275
           005791720                   17                    1                    3              0.00011    0.000000000097082   -0.000000180130654    0.000055284280695    0.046814669246133    0.000000000052166    0.000000134967786    0.000105090397966    0.023877316932531 -143.690888339796345 -134.001029353482465 -124.273701512021063 -130.624135121740579
           005951140                    4                    1                    0              0.00003                    0                    0                    0    0.018885729913606                    0                    0                    0    0.005873577442392    0.000000000000000    0.000000000000000    0.000000000000000  -39.712036724776802
           005962956                   13                    1                    3              0.00019    0.000000000178370   -0.000000379650907    0.000224774068711   -0.004297236953195    0.000000000089735    0.000000221074013    0.000161607204127    0.033780192788855 -100.845414416508447  -91.983657296363177  -87.484284998195790  -89.749452810440189
           005966921                   10                    1                    2              0.00002                    0    0.000000034054797   -0.000052808462191    0.039121238615423                    0    0.000000015374419    0.000026571231387    0.009275155708054 -100.712555364114351 -100.092594239786706  -95.437652129986759  -96.043366958612310
           006130409                   10                    1                    0              0.00006                    0                    0                    0    0.021696164647444                    0                    0                    0    0.007989662384179  -90.808721557438233  -91.783144397700312  -92.592124825973968  -94.289550404862425
           006356144                    8                    1                    0              0.00005                    0                    0                    0    0.018165740303384                    0                    0                    0    0.007000230332816  -76.218537817222099  -73.391101872756053  -75.386208410352992  -77.309554070802463
           006470998                    4                    1                    0              0.00047                    0                    0                    0    0.031302561587592                    0                    0                    0    0.021579868324968    0.000000000000000    0.000000000000000    0.000000000000000  -29.301661005974612
                   0                    0                    0                    0                    0                    0                    0                    0                    0                    0                    0                    0                    0                    0                    0                    0                    0
           006535050                    1                    1                    0              0.00000                    0                    0                    0    0.017346178457004                    0                    0                    0    0.000000000000000    0.000000000000000    0.000000000000000    0.000000000000000                 -inf
           006675318                   16                    1                    0              0.00051                    0                    0                    0    0.048400940293059                    0                    0                    0    0.022670483222123 -109.028400070316422 -110.919533405369478 -114.677020714036615 -118.401539252205751
           006675714                    3                    1                    0              0.00000                    0                    0                    0    0.014348282717006                    0                    0                    0    0.001107087479586    0.000000000000000    0.000000000000000    0.000000000000000  -39.737523337501862
           006779613                   12                    1                    0              0.00063                    0                    0                    0    0.044984912786130                    0                    0                    0    0.025193052922797  -79.289750151004057  -81.372520650877732  -86.343498264662600  -85.863581353514633
           006784274                    1                    1                    0              0.00000                    0                    0                    0    0.022433686364111                    0                    0                    0    0.000000000000000    0.000000000000000    0.000000000000000    0.000000000000000                 -inf
           006846570                    5                    1                    0              0.00020                    0                    0                    0    0.023841941124483                    0                    0                    0    0.014197564147270    0.000000000000000    0.000000000000000  -42.240110311278734  -40.937410767706716
           006870327                   12                    1                    0              0.00039                    0                    0                    0    0.038623937178452                    0                    0                    0    0.019623839781319  -84.916403602772263  -86.668786339750426  -89.149526277406366  -91.859336625841095
           006953069                   15                    1                    0              0.00094                    0                    0                    0    0.048409620467523                    0                    0                    0    0.030612738383546  -94.772238687136408  -94.495363348422259  -97.006413562336490 -101.882121886995094
           007033830                    9                    1                    3              0.00000   -0.000000000061534    0.000000146927846   -0.000112726732693    0.051839451403317    0.000000000025763    0.000000065330768    0.000050144207540    0.011327387116129 -103.102816913170571  -89.426564479397783  -93.607977540898645  -86.258942806956668
           007036755                    6                    1                    1              0.00001                    0                    0    0.000016354182716    0.011097698553294                    0                    0    0.000004383647866    0.003654023827985    0.000000000000000  -67.522366496138915  -69.227431482242423  -58.129776352091376
           007107762                   13                    1                    0              0.00030                    0                    0                    0    0.033668520273037                    0                    0                    0    0.017325615850609  -95.478079874912325  -97.226755152642312  -99.688728512342678 -102.879849520274902
                   0                    0                    0                    0                    0                    0                    0                    0                    0                    0                    0                    0                    0                    0                    0                    0                    0
           007199013                    1                    1                    0              0.00000                    0                    0                    0    0.018115707532034                    0                    0                    0    0.000000000000000    0.000000000000000    0.000000000000000    0.000000000000000                 -inf
           007211157                   13                    1                    2              0.00007                    0    0.000000072349038   -0.000123206837600    0.070660315115678                    0    0.000000020036365    0.000034475942038    0.012725649418604 -115.728721623105912 -117.200041500536656 -103.055387959086616 -107.486186094748618
           007218950                    5                    1                    0              0.00024                    0                    0                    0    0.038976034316895                    0                    0                    0    0.015538851465131    0.000000000000000    0.000000000000000  -36.072679649684829  -40.034680538232919
           007346691                   13                    1                    2              0.00013                    0    0.000000046676305   -0.000100072840581    0.073934626099827                    0    0.000000029799566    0.000054121245051    0.021230263648935 -110.753162724760870 -108.925547904277465 -106.903828017010895 -104.668853727434580
           007350067                    6                    1                    0              0.00001                    0                    0                    0    0.017416867240069                    0                    0                    0    0.002957147192370    0.000000000000000  -68.236414445518633  -67.987978455011230  -68.090603671751268
                   0                    0                    0                    0                    0                    0                    0                    0                    0                    0                    0                    0                    0                    0                    0                    0                    0
           007465605                    1                    1                    0              0.00000                    0                    0                    0    0.013070228687520                    0                    0                    0    0.000000000000000    0.000000000000000    0.000000000000000    0.000000000000000                 -inf
           007532880                    6                    1                    2              0.00005                    0    0.000000022013585   -0.000062813854880    0.059849644799476                    0    0.000000046183600    0.000089628845852    0.040564142949659    0.000000000000000  -54.045748957550600  -50.683725750492563  -47.343806962430548
                   0                    0                    0                    0                    0                    0                    0                    0                    0                    0                    0                    0                    0                    0                    0                    0                    0
           007691547                    1                    1                    0              0.00000                    0                    0                    0    0.016723915392812                    0                    0                    0    0.000000000000000    0.000000000000000    0.000000000000000    0.000000000000000                 -inf
           007740983                    4                    1                    0              0.00001                    0                    0                    0    0.017666425702569                    0                    0                    0    0.003751366639012    0.000000000000000    0.000000000000000    0.000000000000000  -43.298786185448002
           007800087                   16                    1                    0              0.00096                    0                    0                    0    0.063495119463547                    0                    0                    0    0.030973336971994 -100.039092071890465 -102.391073469850127 -103.231031491700406 -108.415524630426987
           007871438                    6                    1                    0              0.00003                    0                    0                    0    0.019532269623463                    0                    0                    0    0.005642212008298    0.000000000000000  -57.800624787396622  -58.990620694139722  -60.337989614487896
           007939565                    3                    1                    0              0.00000                    0                    0                    0    0.016644703881874                    0                    0                    0    0.002184144948677    0.000000000000000    0.000000000000000    0.000000000000000  -35.660572840490907
           007957709                    6                    1                    2              0.00000                    0   -0.000000015994846    0.000032016607350    0.008302899820171                    0    0.000000015624298    0.000024663515366    0.008757236163555    0.000000000000000  -68.379825289711064  -65.402895625665181  -64.318895484573289
           007987514                    2                    1                    0              0.00000                    0                    0                    0    0.013652938545711                    0                    0                    0    0.000030098251597    0.000000000000000    0.000000000000000    0.000000000000000  -40.951026716996580
           008149616                    1                    1                    0              0.00000                    0                    0                    0    0.023208313210384                    0                    0                    0    0.000000000000000    0.000000000000000    0.000000000000000    0.000000000000000                 -inf
           008196449                    5                    1                    0              0.00001                    0                    0                    0    0.017689054975362                    0                    0                    0    0.003403146845560    0.000000000000000    0.000000000000000  -54.139088112673193  -55.221109413554665
           008197275                   12                    1                    0              0.00134                    0                    0                    0    0.062151534702481                    0                    0                    0    0.036669757102720  -72.919652988624534  -75.373343009767410  -73.916367689577498  -76.854363449170847
                   0                    0                    0                    0                    0                    0                    0                    0                    0                    0                    0                    0                    0                    0                    0                    0                    0
           008314902                   12                    1                    0              0.00023                    0                    0                    0    0.043012167766778                    0                    0                    0    0.015074339311726  -91.368432268961200  -93.393327214137742  -95.873551165640009  -98.189366088144425
           008331561                   10                    1                    0              0.00016                    0                    0                    0    0.029185901910028                    0                    0                    0    0.012765254843303  -80.910340339581964  -83.360751925002461  -85.746917885062985  -84.917980192310480
           008378945                   14                    1                    3              0.00012    0.000000000190939   -0.000000472227508    0.000330585034610   -0.021432815634360    0.000000000108052    0.000000290184773    0.000240587903688    0.059830741816346 -115.575822395839353 -107.836968113156914 -106.509018955613513 -112.436121859691795
           008423343                   13                    1                    0              0.00041                    0                    0                    0    0.049566195406195                    0                    0                    0    0.020164009884053  -95.798872472737187  -97.088969949015862  -98.719569487444716  -98.935305409585851
                   0                    0                    0                    0                    0                    0                    0                    0                    0                    0                    0                    0                    0                    0                    0                    0                    0
           008487242                    7                    1                    3              0.00003   -0.000000000229460    0.000000585223045   -0.000431920317723    0.107451023331063    0.000000000188185    0.000000495663275    0.000392404105623    0.089294445946500  -64.887159612245753  -59.670216074028247  -61.227988978811730  -62.521769022212929
           008610168                    4                    1                    0              0.00007                    0                    0                    0    0.021049241239412                    0                    0                    0    0.008378006653737    0.000000000000000    0.000000000000000    0.000000000000000  -36.870867737007956
           008611876                   12                    1                    0              0.00014                    0                    0                    0    0.029305118244113                    0                    0                    0    0.011895404043861 -104.262767920255101  -97.600887492604954  -99.188816274899182 -103.873569388606043
                   0                    0                    0                    0                    0                    0                    0                    0                    0                    0                    0                    0                    0                    0                    0                    0                    0
           008681527                   14                    1                    2              0.00044                    0    0.000000043543227   -0.000030775341518    0.039448983749666                    0    0.000000038652695    0.000065259297158    0.023934317861246  -96.673749039937661 -100.162531207234295  -98.546199780172230  -97.705854543092315
           008742449                   12                    1                    0              0.00020                    0                    0                    0    0.031272066286423                    0                    0                    0    0.014202870041227  -97.805727343425502  -99.163680493137974 -101.181251104465758  -99.618562611447700
           008811811                   11                    1                    3              0.00003   -0.000000000093100    0.000000247502578   -0.000207449471081    0.078186290288557    0.000000000033070    0.000000083141628    0.000062714705912    0.013902696356255 -103.866192756898243  -94.436451695670272  -93.716478357514376  -91.613536045547932
           008814775                    7                    1                    0              0.00001                    0                    0                    0    0.018462711753628                    0                    0                    0    0.003116439214102  -75.335022169015573  -76.227766650863359  -76.853916509095853  -78.848988741178047
           008873450                    7                    1                    0              0.00005                    0                    0                    0    0.020676113999743                    0                    0                    0    0.007036298593664  -63.836440919155372  -64.877961451949218  -67.256308143933538  -67.447512061254486
           009048949                    5                    1                    1              0.00005                    0                    0   -0.000016567764614    0.034076755340581                    0                    0    0.000014563457491    0.011797363621904    0.000000000000000    0.000000000000000  -46.125355118665567  -43.905558698699110
           009205855                    7                    1                    2              0.00008                    0   -0.000000136731321    0.000254912951908   -0.064372991370395                    0    0.000000061569883    0.000113705254499    0.044561901442148  -59.853058816431449  -60.304839519921970  -53.637464116919126  -55.666821136060101
           009306085                   10                    1                    0              0.00278                    0                    0                    0    0.060368662661961                    0                    0                    0    0.052734616778165  -50.188397990638933  -52.425912297742471  -54.680560148103218  -56.547078391312084
                   0                    0                    0                    0                    0                    0                    0                    0                    0                    0                    0                    0                    0                    0                    0                    0                    0
           009347955                   16                    1                    0              0.00077                    0                    0                    0    0.035467812851788                    0                    0                    0    0.027835535665303 -103.091724208250866 -105.453927299347441 -107.724738526247947 -111.833549300935118
           009349698                    9                    1                    0              0.00145                    0                    0                    0    0.034040352559947                    0                    0                    0    0.038143504641544  -49.731623958302436  -52.420995926300996  -53.904633653164993  -56.597971717548837
           009395205                    1                    1                    0              0.00000                    0                    0                    0    0.014379350097449                    0                    0                    0    0.000000000000000    0.000000000000000    0.000000000000000    0.000000000000000                 -inf
           009414097                   12                    1                    0              0.00005                    0                    0                    0    0.024884695368771                    0                    0                    0    0.006843729902585 -110.311378604980064 -112.446505617001549 -114.894708811579932 -117.141230676090487
           009456920                    7                    1                    0              0.00053                    0                    0                    0    0.036995450029299                    0                    0                    0    0.023032499077885  -50.128067802398675  -50.742671756861860  -46.620023194223755  -50.845976649176983
           009468966                   11                    1                    0              0.00072                    0                    0                    0    0.038021941442418                    0                    0                    0    0.026825557426605  -71.777086137326990  -71.464677821238311  -74.072077291832727  -77.206909359643475
           009511937                    9                    1                    0              0.00059                    0                    0                    0    0.038165340220542                    0                    0                    0    0.024207573893289  -59.365392685567407  -61.670204479535727  -63.969338447374021  -64.782390454440090
                   0                    0                    0                    0                    0                    0                    0                    0                    0                    0                    0                    0                    0                    0                    0                    0                    0
           009653110                    3                    1                    0              0.00003                    0                    0                    0    0.020349788337642                    0                    0                    0    0.005167040432524    0.000000000000000    0.000000000000000    0.000000000000000  -30.494118938708038
           009726020                    9                    1                    3              0.00002   -0.000000000120278    0.000000281947545   -0.000168472827273    0.056890445761721    0.000000000056943    0.000000154960616    0.000127372046197    0.030738621733391  -87.229328812629220  -81.433527850283284  -79.582055011356829  -78.891008735675754
           009752189                    4                    1                    0              0.00012                    0                    0                    0    0.027839938744981                    0                    0                    0    0.010803097808325    0.000000000000000    0.000000000000000    0.000000000000000  -34.837084453894967
           009761113                   12                    1                    2              0.00007                    0    0.000000046134336   -0.000089898969101    0.067720307118626                    0    0.000000020822304    0.000037721780112    0.014869985642791 -102.561619786938877 -106.584509261005195 -100.973045380466331 -103.437468242595671
                   0                    0                    0                    0                    0                    0                    0                    0                    0                    0                    0                    0                    0                    0                    0                    0                    0
           010004510                   14                    1                    0              0.00010                    0                    0                    0    0.026910621773766                    0                    0                    0    0.010003660616350 -124.227964973729271 -124.162283681215399 -123.642391551963982 -126.295460027829293
           010071383                    7                    1                    0              0.00017                    0                    0                    0    0.034636982401111                    0                    0                    0    0.013123128330664  -58.419569062171171  -59.609892906947408  -56.286914289791476  -58.721397027661979
                   0                    0                    0                    0                    0                    0                    0                    0                    0                    0                    0                    0                    0                    0                    0                    0                    0
           010197260                    7                    1                    2              0.00012                    0    0.000000043611759   -0.000057487104832    0.031927344855548                    0    0.000000042806996    0.000076532252997    0.031279519138028  -57.664761603533186  -57.339111158045128  -53.848193566981507  -53.540701116942145
                   0                    0                    0                    0                    0                    0                    0                    0                    0                    0                    0                    0                    0                    0                    0                    0                    0
           010515986                    8                    1                    0              0.00009                    0                    0                    0    0.036166859706634                    0                    0                    0    0.009256024233004  -70.973223311687121  -70.878068535537807  -73.210471638392704  -72.840249194451616
           010710753                   12                    1                    0              0.00010                    0                    0                    0    0.026299584945880                    0                    0                    0    0.010230108771019  -98.834933085707917 -102.116396536794497 -102.908799928858173 -107.493174946738236
           010790812                   14                    1                    0              0.00011                    0                    0                    0    0.028441661089515                    0                    0                    0    0.010474909805937 -120.235568596036003 -121.772769709250099 -124.113476886976798 -125.006570531820614
                   0                    0                    0                    0                    0                    0                    0                    0                    0                    0                    0                    0                    0                    0                    0                    0                    0
           010847118                    7                    1                    2              0.00026                    0    0.000000064612705   -0.000136194573707    0.107852158490744                    0    0.000000103809812    0.000200538262625    0.088456285763241  -52.728905751714997  -51.926095396540646  -47.885891498182339  -49.157766023880946
           010861194                   13                    1                    0              0.00010                    0                    0                    0    0.025400931627671                    0                    0                    0    0.009821177066985 -109.770855630641734 -112.921192893428767 -115.210762037688752 -117.638622430677586
           010865206                    7                    1                    0              0.00003                    0                    0                    0    0.023616162254278                    0                    0                    0    0.005415130903816  -72.810876070569478  -67.478861572877591  -69.197589504261032  -71.113904994292810
           010909367                    4                    1                    0              0.00003                    0                    0                    0    0.019456625471402                    0                    0                    0    0.005761277020903    0.000000000000000    0.000000000000000    0.000000000000000  -39.866474629514641
           010918016                   17                    1                    0              0.00035                    0                    0                    0    0.047121272757173                    0                    0                    0    0.018583385025851 -127.382453074701957 -126.265244175885584 -126.844155221450023 -132.673357428171840
                   0                    0                    0                    0                    0                    0                    0                    0                    0                    0                    0                    0                    0                    0                    0                    0                    0
           010975238                    9                    1                    0              0.00004                    0                    0                    0    0.025541716682610                    0                    0                    0    0.006635920778793  -82.076918013682729  -84.908794150808987  -87.865743789103760  -88.077416629450738
           011017401                   11                    1                    0              0.00044                    0                    0                    0    0.046978510354108                    0                    0                    0    0.021093308802521  -77.221571260695129  -79.529287225360761  -82.393599515756264  -82.495691684649572
           011033205                    7                    1                    0              0.00010                    0                    0                    0    0.021970818714899                    0                    0                    0    0.009990685356188  -57.958495712699097  -59.838223367716580  -61.805882953245607  -62.539519033269578
           011074251                   12                    1                    0              0.00145                    0                    0                    0    0.048088075063547                    0                    0                    0    0.038020138117162  -71.361503044319406  -72.200103059380211  -72.627290002581390  -75.986436770490599
           011080481                   16                    1                    0              0.00133                    0                    0                    0    0.053483929867461                    0                    0                    0    0.036486977828173  -90.143807306515200  -91.997473026693157  -96.898038631525267 -103.173006602008826
           011087095                   12                    1                    0              0.00024                    0                    0                    0    0.032479492052768                    0                    0                    0    0.015330327593711  -92.889218217359087  -99.258181259372066  -98.854376189887006  -97.785226555187847
           011137723                    9                    1                    0              0.00008                    0                    0                    0    0.029809773956636                    0                    0                    0    0.008907260449764  -78.314271682610283  -73.018005101352273  -80.000554267134120  -82.778769393585293
           011190713                    6                    1                    0              0.00000                    0                    0                    0    0.017905447001766                    0                    0                    0    0.001754216157644    0.000000000000000  -73.247016160451494  -73.679864943646294  -74.357038398643652
           011196403                    6                    1                    0              0.00009                    0                    0                    0    0.024028499364051                    0                    0                    0    0.009333612756383    0.000000000000000  -51.307583306597508  -53.282199377001660  -54.297837967643062
           011244980                    2                    1                    0              0.00000                    0                    0                    0    0.014122307320275                    0                    0                    0    0.001663837460333    0.000000000000000    0.000000000000000    0.000000000000000  -24.901367305208812
           011395206                    9                    1                    2              0.00011                    0    0.000000131161563   -0.000282752006452    0.170606920212852                    0    0.000000064585900    0.000127142943108    0.058906624283501  -73.298423252880752  -75.059547024721226  -71.239384548156934  -71.103706275722089
           011413380                   12                    1                    2              0.00019                    0    0.000000086301257   -0.000144975845773    0.076740228299250                    0    0.000000032611438    0.000055432456222    0.021070508138588  -97.163348516426254  -95.558067629856453  -83.597296099398889  -87.967658229231319
           011495571                    4                    1                    0              0.00000                    0                    0                    0    0.013992793377462                    0                    0                    0    0.001562786576336    0.000000000000000    0.000000000000000    0.000000000000000  -50.303983913410434
           011665620                    9                    1                    3              0.00003   -0.000000000079289    0.000000258013501   -0.000272724934269    0.112483734538940    0.000000000079022    0.000000201269793    0.000152207421719    0.034535222526733  -84.862133832137729  -80.319599777681802  -70.306938323397645  -68.025193512730780
           011856076                    3                    1                    0              0.00001                    0                    0                    0    0.021304957709054                    0                    0                    0    0.002616606119491    0.000000000000000    0.000000000000000    0.000000000000000  -34.576650762362434
           011876227                    9                    1                    0              0.00008                    0                    0                    0    0.025492260882647                    0                    0                    0    0.008750869651812  -78.165792315918821  -80.272740411794658  -81.469462276036126  -83.097614928575410
           011971335                   16                    1                    0              0.00103                    0                    0                    0    0.045559895288949                    0                    0                    0    0.032115370819684 -100.546446203149301 -103.715182511060490 -103.895358350948030 -107.256867972786679
           012258055                    3                    1                    0              0.00021                    0                    0                    0    0.026541152701370                    0                    0                    0    0.014378518330354    0.000000000000000    0.000000000000000    0.000000000000000  -24.353507524312004
           012314646                    6                    1                    0              0.00007                    0                    0                    0    0.024039515690396                    0                    0                    0    0.008586202045105    0.000000000000000  -53.141547713460923  -52.875016749646093  -55.299425861156152
           012354328                   10                    1                    0              0.00022                    0                    0                    0    0.037953839804100                    0                    0                    0    0.014758439985762  -78.071917366473755  -78.036265031381518  -79.605012608003747  -82.016218055348531
           012365015                   16                    1                    0              0.00112                    0                    0                    0    0.092136159167857                    0                    0                    0    0.033504215350570  -99.654808042499383 -102.166845350310751 -103.115742754869771 -105.902099812381437
