#This is a file containing the data involved in the best fit of our KICs                                                                                                                                                                                                                                                                                                                                                
                #KIC                    N           group size          best degree            chiSquare                  X^3                  X^2                  X^1                  X^0               Error3               Error2               Error1               Error0                 BIC3                 BIC2                 BIC1                 BIC0
           001872192                   17                    1                    0              0.00067                    0                    0                    0   -0.004940244955681                    0                    0                    0    0.025920747374060 -114.109763357212231 -116.996844284731168 -120.150506449467144 -121.358980173235153
           001872192                    9                    2                    1              0.00008                    0                    0   -0.000022223593372    0.014854086934475                    0                    0    0.000009810546544    0.009574205643150  -76.471286755612383  -77.972340457398801  -80.097018795921983  -75.051376695533378
           001872192                    6                    3                    0              0.00020                    0                    0                    0   -0.004571653714398                    0                    0                    0    0.014210976491108    0.000000000000000  -47.293204847090287  -48.270292999129339  -49.253127978549195
           002717423                   15                    1                    0              0.00090                    0                    0                    0   -0.008958571743716                    0                    0                    0    0.029983083450040  -98.257534657554771 -102.893079308221772 -103.575067852112056 -102.505608039745781
           002717423                    8                    2                    1              0.00050                    0                    0   -0.000043451841079    0.036015854247754                    0                    0    0.000025968768441    0.026434102045480  -55.049457070432489  -57.836035803637955  -56.601981536936044  -54.279728802743499
           002717423                    5                    3                    1              0.00007                    0                    0   -0.000030323297205    0.021775972859508                    0                    0    0.000021976329302    0.021236209468155    0.000000000000000    0.000000000000000  -44.805941534360009  -39.786904253489446
           003454793                   12                    1                    1              0.00012                    0                    0   -0.000017045121125    0.014830275801822                    0                    0    0.000009293365154    0.008590695155710  -97.838963508763555 -100.679490539407055 -102.972492441512756  -99.964844871474497
           003454793                    6                    2                    1              0.00000                    0                    0   -0.000018143933366    0.015271424104377                    0                    0    0.000002621483483    0.002438081338056    0.000000000000000  -72.994261884186500  -74.609283591513247  -56.873012562744364
           003454793                    4                    3                    0              0.00006                    0                    0                    0   -0.000014515082807                    0                    0                    0    0.007615742917511    0.000000000000000    0.000000000000000    0.000000000000000  -37.634007540013961
           003634755                   18                    1                    0              0.00077                    0                    0                    0   -0.003562204434239                    0                    0                    0    0.027694966137247 -118.795345901431531 -123.153116345975917 -121.421088800262041 -126.223794209324069
           003634755                    9                    2                    0              0.00028                    0                    0                    0   -0.003562204434239                    0                    0                    0    0.016729714302440  -73.301394007465163  -71.578201683736708  -67.307344966619411  -71.433014562289856
           003634755                    6                    3                    2              0.00004                    0    0.000000063858668   -0.000101237709914    0.022831045500092                    0    0.000000041736403    0.000074705302597    0.029215801265765    0.000000000000000  -55.556923145982196  -47.272001072595401  -49.549251900058984
           003759394                   14                    1                    0              0.00091                    0                    0                    0   -0.009099260250447                    0                    0                    0    0.030205113565378  -87.037450712825034  -89.637616532761200  -92.773558904201508  -95.353775946568874
           003759394                    7                    2                    0              0.00021                    0                    0                    0   -0.009099260250447                    0                    0                    0    0.014327280330287  -53.456674721756166  -54.889081150882255  -56.701111490940377  -57.492347662599443
           003759394                    5                    3                    0              0.00008                    0                    0                    0   -0.008315148055667                    0                    0                    0    0.008920072431773    0.000000000000000    0.000000000000000  -46.670705236240501  -45.585074210258533
           003962715                   14                    1                    0              0.00086                    0                    0                    0   -0.001991254553841                    0                    0                    0    0.029379682071371  -92.131288182752016  -93.815890111945436  -93.059285780365101  -96.129596697933238
           003962715                    7                    2                    2              0.00007                    0    0.000000083053197   -0.000149361761500    0.047463752357169                    0    0.000000039228863    0.000067567391689    0.024041783447905  -62.105607244652965  -60.737896056393453  -53.541115933433481  -55.627725192644249
           003962715                    5                    3                    0              0.00021                    0                    0                    0   -0.000697499522591                    0                    0                    0    0.014538987641932    0.000000000000000    0.000000000000000  -39.108214987879187  -40.699776437841450
           004036736                   15                    1                    0              0.00079                    0                    0                    0   -0.012595884554701                    0                    0                    0    0.028166601504691  -95.276203349518383 -100.081180817096467 -100.399078511451293 -104.380500200878870
           004036736                    8                    2                    0              0.00040                    0                    0                    0   -0.013556363676404                    0                    0                    0    0.019959163165986  -57.115019240679011  -58.632138625657703  -59.203400005705596  -60.545629410792920
           004036736                    5                    3                    0              0.00032                    0                    0                    0   -0.012595884554701                    0                    0                    0    0.017854728101047    0.000000000000000    0.000000000000000  -37.067258888280129  -38.645431349770000
           004056791                   16                    1                    0              0.00107                    0                    0                    0   -0.006799525258110                    0                    0                    0    0.032666958572997 -101.905865125435156 -103.258838023530316 -106.135068895584610 -106.711928177329241
           004056791                    8                    2                    1              0.00016                    0                    0    0.000032666829269   -0.033964010961757                    0                    0    0.000016035525958    0.015582905999691  -66.826694541260153  -63.848981958649645  -65.967009521454486  -62.607685735186273
           004056791                    6                    3                    0              0.00029                    0                    0                    0   -0.007852425914446                    0                    0                    0    0.017116823203948    0.000000000000000  -47.790441439280329  -46.067105273713636  -47.020562362820563
           004142890                   15                    1                    0              0.00014                    0                    0                    0   -0.006135672422495                    0                    0                    0    0.011630616297932 -121.970018948043389 -124.685922045606915 -127.656773480394236 -130.915379452059597
           004142890                    8                    2                    0              0.00005                    0                    0                    0   -0.006585045069604                    0                    0                    0    0.007094607050118  -73.689153293055085  -75.869358552372589  -78.144483830812334  -77.095284121689872
           004142890                    5                    3                    0              0.00002                    0                    0                    0   -0.006135672422495                    0                    0                    0    0.004331809114245    0.000000000000000    0.000000000000000  -53.214542525606568  -52.808262236878619
           004352328                   20                    1                    0              0.00069                    0                    0                    0   -0.000111393926589                    0                    0                    0    0.026200043796569 -139.277688473285963 -140.109991942949193 -138.125393240377178 -142.684035590114462
           004352328                   10                    2                    0              0.00054                    0                    0                    0   -0.000111393926589                    0                    0                    0    0.023258598942547  -67.818481323104237  -68.882865900268428  -69.175271893409644  -72.919022273687034
           004352328                    7                    3                    0              0.00044                    0                    0                    0    0.001217061255455                    0                    0                    0    0.020977445180118  -49.464897049481195  -50.881176722655802  -49.079065768905707  -52.154394255859998
           004355503                   16                    1                    0              0.00035                    0                    0                    0   -0.004381348326148                    0                    0                    0    0.018591320110826 -125.371289659698192 -120.032899285794514 -122.308188857122687 -124.749346250280723
           004355503                    8                    2                    0              0.00020                    0                    0                    0   -0.004381348326148                    0                    0                    0    0.014239744075740  -67.824174831570090  -61.375508277036545  -63.474482385300661  -65.948051984225913
           004355503                    6                    3                    0              0.00022                    0                    0                    0   -0.007961317093359                    0                    0                    0    0.014871621357440    0.000000000000000  -48.594919692462398  -49.806690945526128  -48.707846398579420
           004636938                   17                    1                    0              0.00105                    0                    0                    0   -0.003108422147940                    0                    0                    0    0.032327237409653 -105.094841375000030 -108.213531913533728 -110.976412337747860 -113.849521437828059
           004636938                    9                    2                    0              0.00059                    0                    0                    0   -0.000683540705639                    0                    0                    0    0.024281270420632  -59.116772492935290  -61.407881709099371  -63.182842246430035  -64.727675250051078
           004636938                    6                    3                    2              0.00005                    0    0.000000046697485   -0.000073227576134    0.016054763607690                    0    0.000000044188365    0.000079998975167    0.031045599506630    0.000000000000000  -53.865959186488716  -50.334536434364196  -51.213313470570526
           004725292                   12                    1                    0              0.00053                    0                    0                    0   -0.004970888536047                    0                    0                    0    0.023074383147801  -84.701685733284748  -87.206307705648300  -89.689377082928104  -87.971866904776647
           004725292                    6                    2                    1              0.00005                    0                    0    0.000033898406036   -0.034687662676601                    0                    0    0.000012666707024    0.012902287944748    0.000000000000000  -54.334317973955933  -55.959547851592149  -48.442880741112837
           004725292                    4                    3                    0              0.00015                    0                    0                    0   -0.004970888536047                    0                    0                    0    0.012157809134382    0.000000000000000    0.000000000000000    0.000000000000000  -33.891974347252571
           004742436                   17                    1                    0              0.00042                    0                    0                    0   -0.005451899106438                    0                    0                    0    0.020444128186447 -124.837815275765806 -127.229353690989541 -127.669772245139256 -129.428811966929800
           004742436                    9                    2                    0              0.00049                    0                    0                    0   -0.001979742251565                    0                    0                    0    0.022063193613858  -66.868900025898753  -66.924429849292508  -66.469624762433909  -66.451976534162256
           004742436                    6                    3                    0              0.00024                    0                    0                    0   -0.003560125376911                    0                    0                    0    0.015370830162843    0.000000000000000  -48.624214632603923  -48.379345280064030  -48.311645062701132
           005095098                   17                    1                    0              0.00084                    0                    0                    0   -0.003400719485165                    0                    0                    0    0.029029949925840 -111.840444708892633 -114.827885793183412 -117.037463632840655 -117.507312335111379
           005095098                    9                    2                    0              0.00063                    0                    0                    0   -0.000165917218414                    0                    0                    0    0.025094003541721  -63.494281684130677  -64.961892624558928  -65.852296062739313  -64.135049976580206
           005095098                    6                    3                    1              0.00011                    0                    0    0.000023270705317   -0.023683222131892                    0                    0    0.000017025858449    0.017655295611290    0.000000000000000  -52.830849591987061  -51.002225352030166  -48.805738436405250
           005344895                   14                    1                    0              0.00261                    0                    0                    0   -0.009436442743446                    0                    0                    0    0.051125826074563  -74.156028880943623  -77.068605326555840  -78.546791896246305  -80.617976861122315
           005344895                    7                    2                    0              0.00083                    0                    0                    0   -0.009436442743446                    0                    0                    0    0.028769275478422  -46.867053971128975  -46.835413225987487  -46.041084890777611  -47.732351840490459
           005344895                    5                    3                    0              0.00079                    0                    0                    0   -0.012199821943723                    0                    0                    0    0.028161108053162    0.000000000000000    0.000000000000000  -31.400960711007947  -34.088696087442443
           005510843                   12                    1                    0              0.00054                    0                    0                    0   -0.010646444352982                    0                    0                    0    0.023151813334276  -87.134768731260095  -87.765201684206346  -89.155383759359893  -87.891465472048367
           005510843                    6                    2                    1              0.00016                    0                    0    0.000034628011327   -0.039082487101261                    0                    0    0.000024853871760    0.025197068568850    0.000000000000000  -46.894042152363106  -48.827905675455035  -46.390399302747170
           005510843                    4                    3                    0              0.00039                    0                    0                    0   -0.010646444352982                    0                    0                    0    0.019866554562535    0.000000000000000    0.000000000000000    0.000000000000000  -29.963446730242360
           005514871                    2                    1                    0              0.01301                    0                    0                    0   -0.034338673007202                    0                    0                    0    0.114082901119491    0.000000000000000    0.000000000000000    0.000000000000000   -7.990172387715777
           005514871                    1                    2                    0              0.00000                    0                    0                    0   -0.034338673007202                    0                    0                    0    0.000000000000000    0.000000000000000    0.000000000000000    0.000000000000000                 -inf
           005514871                    1                    3                    0              0.00000                    0                    0                    0   -0.034338673007202                    0                    0                    0    0.000000000000000    0.000000000000000    0.000000000000000    0.000000000000000                 -inf
           005567130                   17                    1                    0              0.00211                    0                    0                    0   -0.016509291222722                    0                    0                    0    0.045882607625710  -94.008820448474935  -96.502504452871847  -98.926382004875848 -101.943537842758417
           005567130                    9                    2                    0              0.00132                    0                    0                    0   -0.020321093463591                    0                    0                    0    0.036266954243080  -53.720053760276059  -56.049926943190890  -54.617248450087324  -57.506044890400354
           005567130                    6                    3                    2              0.00003                    0   -0.000000101647208    0.000204181811187   -0.096320509176268                    0    0.000000045671002    0.000085612288245    0.036147965412493    0.000000000000000  -56.196758126705205  -42.554428775022437  -43.763761869280415
           005607145                   17                    1                    0              0.00034                    0                    0                    0   -0.002070509678122                    0                    0                    0    0.018381488474517 -126.366883035316661 -128.864518382513836 -131.610791124312755 -133.044766842379801
           005607145                    9                    2                    0              0.00015                    0                    0                    0   -0.001561673096858                    0                    0                    0    0.012091908047309  -73.218823248466776  -75.081030014099397  -77.183462642782189  -77.276713939979558
           005607145                    6                    3                    0              0.00012                    0                    0                    0   -0.001299886909323                    0                    0                    0    0.010858847405990    0.000000000000000  -51.975208268938374  -53.406177786552121  -52.481541756618881
           005608384                    8                    1                    0              0.01401                    0                    0                    0   -0.040104478247787                    0                    0                    0    0.118372317081356  -29.423134052741624  -29.097811541569552  -31.287262681676413  -32.063284735187054
           005608384                    4                    2                    0              0.00478                    0                    0                    0   -0.040104478247787                    0                    0                    0    0.069169930759414    0.000000000000000    0.000000000000000    0.000000000000000  -19.983217938005055
           005608384                    3                    3                    0              0.00760                    0                    0                    0   -0.043037193164339                    0                    0                    0    0.087202825742938    0.000000000000000    0.000000000000000    0.000000000000000  -13.538498971031844
           005647463                   16                    1                    0              0.00101                    0                    0                    0   -0.004193625785082                    0                    0                    0    0.031784094147824 -103.846940293200390 -103.314534249181420 -106.550431291409353 -107.588668825295088
           005647463                    8                    2                    0              0.00038                    0                    0                    0   -0.004193625785082                    0                    0                    0    0.019614917503137  -59.648165697396230  -59.764999960880687  -61.763142742437367  -60.823996940469840
           005647463                    6                    3                    1              0.00046                    0                    0    0.000049779107552   -0.043843342777505                    0                    0    0.000033731655535    0.037395976630315    0.000000000000000  -41.313993492256422  -42.564620612110112  -40.394435268964749
           005685704                   12                    1                    0              0.00061                    0                    0                    0   -0.002474878524305                    0                    0                    0    0.024761958232554  -85.488242088917957  -84.898216038409871  -87.255660317618236  -86.277815247991754
           005685704                    6                    2                    1              0.00014                    0                    0   -0.000030537402400    0.024065051660841                    0                    0    0.000020848028924    0.020137935597700    0.000000000000000  -47.980112925472056  -49.775184414729907  -46.674901059112145
           005685704                    4                    3                    0              0.00017                    0                    0                    0   -0.002474878524305                    0                    0                    0    0.012955417463978    0.000000000000000    0.000000000000000    0.000000000000000  -33.383635569507078
           005786382                   17                    1                    0              0.00120                    0                    0                    0   -0.009882559615107                    0                    0                    0    0.034624517476282 -105.337567999050648 -105.029380360967025 -107.892112208812250 -111.515357165286190
           005786382                    9                    2                    0              0.00095                    0                    0                    0   -0.010416175818550                    0                    0                    0    0.030813393716283  -54.973001773144588  -55.531607735428445  -57.670212474852050  -60.439280229624430
           005786382                    6                    3                    0              0.00047                    0                    0                    0   -0.010311623557828                    0                    0                    0    0.021603038708628    0.000000000000000  -40.404545003892892  -42.175390102790999  -44.227296049552038
           005961373                    6                    1                    2              0.00703                    0   -0.000001096805613    0.001994618844418   -0.843672256010286                    0    0.000001322752045    0.002320677527125    0.957742086915281    0.000000000000000  -24.366294112044976  -14.908640786847336  -18.996997544998209
           005961373                    3                    2                    0              0.00659                    0                    0                    0   -0.089013963366214                    0                    0                    0    0.081156422380671    0.000000000000000    0.000000000000000    0.000000000000000  -13.969648787705543
           005961373                    2                    3                    0              0.00087                    0                    0                    0   -0.089013963366214                    0                    0                    0    0.029556983582222    0.000000000000000    0.000000000000000    0.000000000000000  -13.392593747488704
           006070714                   19                    1                    0              0.20942                    0                    0                    0    0.106370892896116                    0                    0                    0    0.457623785817476  -21.891998804545835  -23.648497572216819  -26.241137575344748  -26.760459730139296
           006070714                   10                    2                    0              0.10917                    0                    0                    0    0.130215744373268                    0                    0                    0    0.330414297855042  -20.835359619404652  -20.226174629121953  -21.278098323590903  -19.845574184845066
           006070714                    7                    3                    1              0.02138                    0                    0    0.000619889448983   -0.675687501283822                    0                    0    0.000275502443259    0.366285073326026  -21.394386316703560  -23.374505837761660  -23.025194862666893  -17.880036751750723
           006073090                   16                    1                    0              0.00034                    0                    0                    0   -0.005216602611332                    0                    0                    0    0.018554499151271 -122.763408061234657 -124.313192434371985 -125.149295939645114 -124.812786557431750
           006073090                    8                    2                    0              0.00023                    0                    0                    0   -0.005216602611332                    0                    0                    0    0.015248386813139  -63.207183541497649  -64.117789406543466  -64.999836322162594  -64.853063486625217
           006073090                    6                    3                    2              0.00008                    0   -0.000000057382795    0.000085282696938   -0.025247249548652                    0    0.000000056965903    0.000109992176873    0.047621300323392    0.000000000000000  -51.188861604947746  -48.087674579360311  -46.604906233436324
           006129451                   17                    1                    0              0.00058                    0                    0                    0   -0.009375276417811                    0                    0                    0    0.024039945833253 -116.407308494875465 -119.888509458307880 -121.449701691632541 -123.920093021289006
           006129451                    9                    2                    0              0.00030                    0                    0                    0   -0.010740411430998                    0                    0                    0    0.017441174093575  -67.107179027702642  -69.566025463902619  -68.574526423398211  -70.683363158648177
           006129451                    6                    3                    0              0.00025                    0                    0                    0   -0.009243495564921                    0                    0                    0    0.015701959458530    0.000000000000000  -47.050627291457552  -47.211545877475260  -48.055877748448893
           006290974                   18                    1                    0              0.00089                    0                    0                    0    0.002367114619692                    0                    0                    0    0.029807729407407 -115.848448676433009 -121.956036044872889 -119.310128051012626 -123.577179790660367
           006290974                    9                    2                    0              0.00070                    0                    0                    0    0.002367114619692                    0                    0                    0    0.026451256717678  -58.114535332168252  -60.381800729904754  -60.413963058003581  -63.186904381979225
           006290974                    6                    3                    2              0.00005                    0    0.000000071212899   -0.000128899699412    0.042813423621477                    0    0.000000051206465    0.000086559920239    0.032051188018339    0.000000000000000  -53.678516005376274  -44.530243565149647  -46.723531499998529
           006423857                   13                    1                    0              0.00053                    0                    0                    0   -0.002614046129733                    0                    0                    0    0.023041420977869  -91.767624887646960  -94.129631612005042  -93.891730294452728  -95.467056679947518
           006423857                    7                    2                    0              0.00024                    0                    0                    0   -0.002918265408207                    0                    0                    0    0.015332863402213  -57.265295254008471  -57.177614182932132  -55.130871055671840  -56.542685321320683
           006423857                    5                    3                    0              0.00019                    0                    0                    0   -0.003181922116218                    0                    0                    0    0.013795984108479    0.000000000000000    0.000000000000000  -40.155783754027730  -41.224339445581947
           006437385                   19                    1                    0              0.00053                    0                    0                    0   -0.004055734757430                    0                    0                    0    0.023025441430868 -133.481039946911636 -136.012660159604053 -138.052472054049645 -140.359470979080868
           006437385                   10                    2                    0              0.00021                    0                    0                    0   -0.003880229063622                    0                    0                    0    0.014560012799930  -76.420005931722827  -79.757201045621045  -80.578613312695509  -82.286942048964548
           006437385                    7                    3                    2              0.00005                    0    0.000000042696846   -0.000082860161566    0.027454824452958                    0    0.000000029076062    0.000059689836265    0.027209477250017  -62.849143926198131  -63.769715279505263  -57.794686149951644  -60.589783235549028
           006547641                   16                    1                    0              0.00042                    0                    0                    0   -0.007197454062738                    0                    0                    0    0.020409985312493 -113.978350539201955 -116.723615758189638 -119.062563071446064 -121.762803974839841
           006547641                    8                    2                    0              0.00021                    0                    0                    0   -0.007197454062738                    0                    0                    0    0.014344416892171  -61.256947187995614  -63.209196963766132  -64.549136535984374  -65.830870126005081
           006547641                    6                    3                    1              0.00008                    0                    0    0.000020407528960   -0.022682732397438                    0                    0    0.000013176618039    0.013294116580533    0.000000000000000  -51.049509785366112  -52.705556361590055  -50.273040184054210
           006794650                   16                    1                    0              0.00040                    0                    0                    0   -0.007601148751686                    0                    0                    0    0.019919455240544 -113.002699752723387 -116.228378371959721 -118.225226782224638 -122.541279263740819
           006794650                    8                    2                    0              0.00008                    0                    0                    0   -0.007601148751686                    0                    0                    0    0.008778910257087  -70.412021222007297  -70.697688826638625  -71.432588464115042  -73.687006387009291
           006794650                    6                    3                    2              0.00012                    0   -0.000000070599691    0.000127697133095   -0.053598654415810                    0    0.000000065320851    0.000125315459638    0.054213745933870    0.000000000000000  -49.019162394548829  -44.717905906225212  -46.622618884642414
           006836589                   15                    1                    0              0.00078                    0                    0                    0   -0.012313776939799                    0                    0                    0    0.027842970250296  -96.855992641645315  -99.161515365712972 -100.769275681260240 -104.727192574354689
           006836589                    8                    2                    2              0.00016                    0    0.000000040288095   -0.000046083426555   -0.008239875387243                    0    0.000000049824953    0.000092418850221    0.038736822902642  -61.767213656285428  -63.537525949457319  -61.645495550550550  -61.437477010983223
           006836589                    5                    3                    0              0.00020                    0                    0                    0   -0.012313776939799                    0                    0                    0    0.014273489431685    0.000000000000000    0.000000000000000  -40.699023545415749  -40.884075569422919
           006949412                   15                    1                    0              0.00075                    0                    0                    0   -0.012291103705898                    0                    0                    0    0.027455455152672  -96.590437891279578  -98.779525785637915 -101.541253137452614 -105.147661806535851
           006949412                    8                    2                    0              0.00029                    0                    0                    0   -0.012712667892568                    0                    0                    0    0.016935607856760  -63.506133327555823  -59.492716744454725  -61.111791718832237  -63.173948855705838
           006949412                    5                    3                    1              0.00000                    0                    0    0.000012710589795   -0.023412772284544                    0                    0    0.000004199925497    0.004140365849928    0.000000000000000    0.000000000000000  -60.719987265684139  -51.356859791696962
           007131515                   16                    1                    0              0.00031                    0                    0                    0   -0.004289321831420                    0                    0                    0    0.017738778311801 -122.424993140018017 -122.223512130880806 -124.945292614322724 -126.251480742533843
           007131515                    8                    2                    0              0.00017                    0                    0                    0   -0.004289321831420                    0                    0                    0    0.013057808935607  -65.636019875689769  -63.366408822480324  -66.552024986881108  -67.334461471194047
           007131515                    6                    3                    0              0.00009                    0                    0                    0   -0.004997375537783                    0                    0                    0    0.009327364503734    0.000000000000000  -53.675361100534708  -55.016252745137955  -54.305873884899626
           007199037                   11                    1                    0              0.03010                    0                    0                    0   -0.212886022658634                    0                    0                    0    0.173485875208389  -26.217678960647945  -28.633444441532241  -31.250400859502104  -36.138604791064012
           007199037                    6                    2                    1              0.00319                    0                    0   -0.000142384205451   -0.086435755829083                    0                    0    0.000099069427741    0.086024438476341    0.000000000000000  -26.936066614413143  -30.904132311576603  -27.805739848256344
           007199037                    4                    3                    0              0.00673                    0                    0                    0   -0.223554360546456                    0                    0                    0    0.082044981563483    0.000000000000000    0.000000000000000    0.000000000000000  -18.617606650618498
           007692454                   18                    1                    0              0.00087                    0                    0                    0    0.002776314868646                    0                    0                    0    0.029552175676545 -116.162762358968806 -120.231068137141989 -119.692367341856141 -123.887153033947186
           007692454                    9                    2                    0              0.00051                    0                    0                    0    0.002776314868646                    0                    0                    0    0.022589849351724  -62.422971442268100  -65.299779706923360  -62.651373741312462  -66.027358534571206
           007692454                    6                    3                    2              0.00006                    0    0.000000042983412   -0.000070953860519    0.021969755731661                    0    0.000000049368106    0.000087501570264    0.034189878938128    0.000000000000000  -52.754970651556164  -48.081035232254365  -50.588644557715426
           007765135                   18                    1                    0              0.00144                    0                    0                    0   -0.010937609505639                    0                    0                    0    0.038012303581153 -103.999199256539029 -110.679172682557237 -113.040301173666123 -114.824062397638428
           007765135                    9                    2                    0              0.00099                    0                    0                    0   -0.010937609505639                    0                    0                    0    0.031528058136693  -52.195215645271524  -56.768881053544085  -58.681359832320375  -60.026568534840379
           007765135                    6                    3                    2              0.00005                    0    0.000000022397168   -0.000055478857054    0.013918747739937                    0    0.000000056450903    0.000100224948691    0.038989909249406    0.000000000000000  -53.904600582262219  -53.015578336878193  -51.179721717844181
           008004647                   15                    1                    0              0.00022                    0                    0                    0   -0.002093775158314                    0                    0                    0    0.014861400684621 -123.320204459575848 -124.586172759466606 -121.335346767781473 -123.561589361250611
           008004647                    8                    2                    2              0.00005                    0    0.000000073288510   -0.000135328561354    0.049429364607645                    0    0.000000024309454    0.000046829015297    0.019326252251894  -73.768117165349480  -73.482384194219705  -65.063391845171992  -67.780586396628934
           008004647                    5                    3                    0              0.00012                    0                    0                    0   -0.002093775158314                    0                    0                    0    0.011097253366557    0.000000000000000    0.000000000000000  -41.971355816436606  -43.401138544941816
           008093473                   16                    1                    0              0.00088                    0                    0                    0   -0.002935409917017                    0                    0                    0    0.029609538125700 -102.523144008446252 -103.616006920886051 -106.980541943223656 -109.856490816383342
           008093473                    8                    2                    0              0.00027                    0                    0                    0   -0.002935409917017                    0                    0                    0    0.016543275284773  -59.028939617902175  -59.962247847329138  -61.575075410445763  -63.548967849302464
           008093473                    6                    3                    0              0.00021                    0                    0                    0   -0.006165598148155                    0                    0                    0    0.014612598198190    0.000000000000000  -47.683179995211191  -48.350334195320585  -48.918695315452140
           008282831                   16                    1                    0              0.00652                    0                    0                    0   -0.020704682867306                    0                    0                    0    0.080730288008324  -72.905213735133117  -75.793799438789065  -78.061460766469793  -77.759937934765773
           008282831                    8                    2                    0              0.00347                    0                    0                    0   -0.020704682867306                    0                    0                    0    0.058938651670784  -41.742894942544446  -42.770190638426840  -44.648705742679432  -43.220689310093810
           008282831                    6                    3                    0              0.00272                    0                    0                    0   -0.026046004248568                    0                    0                    0    0.052187978683576    0.000000000000000  -34.915453768946250  -32.697326270181144  -33.643077779170781
           008292758                   16                    1                    0              0.00043                    0                    0                    0   -0.003740337574757                    0                    0                    0    0.020782237527077 -114.489924523175731 -115.259562170326532 -118.309841523427082 -121.184423186723976
           008292758                    8                    2                    0              0.00021                    0                    0                    0   -0.003740337574757                    0                    0                    0    0.014617520058450  -63.667524634056768  -61.555381425795304  -63.766755557193250  -65.529109909420399
           008292758                    6                    3                    0              0.00041                    0                    0                    0    0.001527908299262                    0                    0                    0    0.020321412430857    0.000000000000000  -43.526316858467382  -44.463791214915375  -44.961202322311195
           008416220                   16                    1                    0              0.00132                    0                    0                    0   -0.008517785669265                    0                    0                    0    0.036297436596192  -98.072515450192412 -102.327688109020414 -102.762092395942744 -103.339672314228849
           008416220                    8                    2                    0              0.00054                    0                    0                    0   -0.008517785669265                    0                    0                    0    0.023140673608164  -58.422935392666396  -58.407305024136576  -59.397405506535641  -58.179173618653920
           008416220                    6                    3                    0              0.00050                    0                    0                    0   -0.006348172829615                    0                    0                    0    0.022353358353348    0.000000000000000  -44.493081971507152  -45.710589923611977  -43.817585018563726
           008431229                   18                    1                    0              0.00210                    0                    0                    0   -0.004483453432582                    0                    0                    0    0.045868737503755  -98.805800999250650 -103.001994833835738 -106.144416597811343 -108.060602029911124
           008431229                    9                    2                    0              0.00098                    0                    0                    0   -0.004483453432582                    0                    0                    0    0.031358496919072  -54.860061783903895  -56.625116526968391  -58.803909476818248  -60.123635684116167
           008431229                    6                    3                    0              0.00032                    0                    0                    0   -0.004483453432582                    0                    0                    0    0.018017574161134    0.000000000000000  -46.054564824390404  -48.176062267916798  -46.405132392126681
           008643814                   16                    1                    0              0.00068                    0                    0                    0   -0.010927163176484                    0                    0                    0    0.026132512459453 -105.854500773326535 -108.863025391786621 -110.735720219009281 -113.853812934641198
           008643814                    8                    2                    0              0.00024                    0                    0                    0   -0.010927163176484                    0                    0                    0    0.015386833957053  -62.198319321959538  -63.210995459229764  -63.033834068798555  -64.708447627664654
           008643814                    6                    3                    2              0.00006                    0   -0.000000069667542    0.000135908523522   -0.062776201343596                    0    0.000000049014081    0.000095571120900    0.042102617226520    0.000000000000000  -53.397803925006031  -47.228605581756959  -49.414483643362303
           008803643                   16                    1                    0              0.00031                    0                    0                    0   -0.002455953508688                    0                    0                    0    0.017734850613896 -122.484070408964982 -124.390312091949966 -126.255813156969126 -126.258566926681041
           008803643                    8                    2                    0              0.00019                    0                    0                    0   -0.002455953508688                    0                    0                    0    0.013604900083071  -67.861750320352058  -66.124409730698133  -66.917890745963618  -66.677762472830381
           008803643                    6                    3                    1              0.00007                    0                    0    0.000022921176044   -0.021720299761731                    0                    0    0.000013483958304    0.014784676207791    0.000000000000000  -54.135909259603999  -54.089028246104796  -50.312658742738009
           008892124                   17                    1                    0              0.00057                    0                    0                    0   -0.004992666809856                    0                    0                    0    0.023881123414709 -118.751277365895206 -119.951174308746772 -122.197104904275250 -124.145462867450448
           008892124                    9                    2                    0              0.00053                    0                    0                    0   -0.007401115162821                    0                    0                    0    0.023033494681148  -62.852308998554157  -62.087650034762376  -65.067328550817734  -65.677280397419992
           008892124                    6                    3                    0              0.00018                    0                    0                    0   -0.005539901310482                    0                    0                    0    0.013291354153945    0.000000000000000  -49.555678647770826  -49.831171668882362  -50.055938755778485
           008935655                   17                    1                    0              0.00074                    0                    0                    0   -0.001318078917855                    0                    0                    0    0.027282597535898 -115.360501814606039 -116.679823194556633 -118.127093110608399 -119.617998576183595
           008935655                    9                    2                    0              0.00033                    0                    0                    0   -0.002293488404931                    0                    0                    0    0.018211689272940  -68.081105133842186  -69.745131973915463  -70.045193393650138  -69.905224642443059
           008935655                    6                    3                    1              0.00009                    0                    0   -0.000017830622444    0.012908829366172                    0                    0    0.000015513177903    0.015349297225550    0.000000000000000  -52.925021843845400  -52.216963454130578  -50.147216614313997
           008959087                   14                    1                    0              0.00022                    0                    0                    0   -0.002299245869500                    0                    0                    0    0.014814207066730 -111.269141160036398 -113.178049540513314 -114.159240341751200 -115.301664078423755
           008959087                    7                    2                    2              0.00000                    0   -0.000000041863370    0.000061515187599   -0.017845457100291                    0    0.000000013672254    0.000024465138133    0.009832925539906  -78.929788085340036  -80.112233182545054  -68.022070883017022  -65.448213606338328
           008959087                    5                    3                    0              0.00007                    0                    0                    0   -0.003463293218411                    0                    0                    0    0.008634540572579    0.000000000000000    0.000000000000000  -47.815242001585496  -45.910409828156709
           009267818                   16                    1                    0              0.00030                    0                    0                    0   -0.004965790007860                    0                    0                    0    0.017401290420513 -124.801756481089768 -124.248492175257752 -123.794844572981205 -126.866160506979398
           009267818                    8                    2                    0              0.00023                    0                    0                    0   -0.004965790007860                    0                    0                    0    0.015039839784948  -64.801218649974984  -62.919298492176935  -62.928121399549241  -65.073400268139437
           009267818                    6                    3                    2              0.00005                    0   -0.000000049005469    0.000075279913712   -0.021709512367507                    0    0.000000039974967    0.000074979511887    0.030040607739552    0.000000000000000  -53.706004538997512  -50.121259255749237  -51.579197218779626
           009340503                   15                    1                    0              0.00019                    0                    0                    0   -0.004310425194598                    0                    0                    0    0.013872369817093 -121.048943004108594 -122.357247440973836 -126.055881630470310 -125.627635800426575
           009340503                    8                    2                    1              0.00007                    0                    0    0.000020327956551   -0.020008061301328                    0                    0    0.000010268656565    0.011281590964992  -68.682953074006875  -70.275173339410159  -72.324474987525264  -69.302982818166214
           009340503                    5                    3                    1              0.00002                    0                    0    0.000013971043099   -0.016005112346506                    0                    0    0.000012711967797    0.012803607440539    0.000000000000000    0.000000000000000  -51.120283688995848  -47.974242907781324
           009763640                   17                    1                    0              0.00053                    0                    0                    0   -0.005025706709251                    0                    0                    0    0.022947886025898 -121.824049430277384 -125.335957222112171 -125.721583502303446 -125.500788257846210
           009763640                    9                    2                    0              0.00055                    0                    0                    0   -0.002192443367935                    0                    0                    0    0.023554271322758  -64.262625342323759  -65.890870614100805  -66.384606593701179  -65.274841266753739
           009763640                    6                    3                    2              0.00006                    0    0.000000049563384   -0.000062677490325    0.002876121296208                    0    0.000000054957791    0.000104632781995    0.044795563999762    0.000000000000000  -52.736576649719694  -49.097588659311057  -47.175758946755622
           009874575                    8                    1                    0              0.00963                    0                    0                    0   -0.056343644275491                    0                    0                    0    0.098145369238479  -30.309166585619927  -32.511353529119461  -34.472613097731966  -35.061447095540949
           009874575                    4                    2                    0              0.00326                    0                    0                    0   -0.056343644275491                    0                    0                    0    0.057073174666337    0.000000000000000    0.000000000000000    0.000000000000000  -21.521074186037012
           009874575                    3                    3                    0              0.00345                    0                    0                    0   -0.048261370907469                    0                    0                    0    0.058744823287638    0.000000000000000    0.000000000000000    0.000000000000000  -15.908701175890693
           009933464                   17                    1                    0              0.00097                    0                    0                    0   -0.008468580456647                    0                    0                    0    0.031112577010451 -110.324665556393455 -110.444890893585153 -113.618056304696808 -115.151653282189841
           009933464                    9                    2                    1              0.00036                    0                    0    0.000028238578303   -0.027812946428232                    0                    0    0.000017460410188    0.018057712975236  -67.398261639048556  -64.547252120105512  -67.007866389287614  -63.823203255702715
           009933464                    6                    3                    1              0.00022                    0                    0    0.000027347565106   -0.028968312231600                    0                    0    0.000025431298944    0.026560095629806    0.000000000000000  -44.935831368431707  -46.841652140382038  -44.233354937047338
           009941718                   15                    1                    0              0.00032                    0                    0                    0   -0.001734237283958                    0                    0                    0    0.017776374216385 -115.160151462445043 -118.208156900666211 -115.493448663093034 -118.188499634785444
           009941718                    8                    2                    2              0.00008                    0    0.000000084020755   -0.000125622887014    0.031275133698466                    0    0.000000030412484    0.000058049202405    0.023784369501694  -68.115129622610027  -68.940717846542825  -61.022661730078894  -63.104345793213632
           009941718                    5                    3                    0              0.00012                    0                    0                    0   -0.001734237283958                    0                    0                    0    0.010935840739913    0.000000000000000    0.000000000000000  -42.490552786063880  -43.547659513425408
           009945771                   16                    1                    0              0.00089                    0                    0                    0   -0.001241186900631                    0                    0                    0    0.029825695734959 -105.629040212090331 -109.171912066947243 -106.800465429103838 -109.623730766700291
           009945771                    8                    2                    0              0.00049                    0                    0                    0   -0.001241186900631                    0                    0                    0    0.022183952817337  -59.044384082953364  -59.065724883190896  -56.797429297628504  -58.854736019104216
           009945771                    6                    3                    2              0.00012                    0    0.000000084395340   -0.000147512003155    0.051013598842545                    0    0.000000069413730    0.000137168106729    0.058706511242473    0.000000000000000  -48.781763855452198  -45.160137093812040  -46.219708828048070
           009992083                   17                    1                    0              0.00277                    0                    0                    0   -0.011787571705198                    0                    0                    0    0.052620292127921  -93.549662490339472  -96.326465155139857  -96.055200031296152  -97.285004014884152
           009992083                    9                    2                    0              0.00305                    0                    0                    0   -0.004910888177631                    0                    0                    0    0.055264193485245  -49.177563485137561  -51.014586915968763  -49.995411643731011  -49.924116789147590
           009992083                    6                    3                    0              0.00175                    0                    0                    0   -0.008470191072154                    0                    0                    0    0.041846576364433    0.000000000000000  -36.230937617650454  -36.258838890207223  -36.293184043106422
           010293980                   13                    1                    0              0.00041                    0                    0                    0   -0.002499057275186                    0                    0                    0    0.020224928775240  -95.633267865623210  -97.262408072257401  -96.108821301198148  -98.856873421791065
           010293980                    7                    2                    0              0.00020                    0                    0                    0   -0.001334155275296                    0                    0                    0    0.014039570871085  -57.414814825942351  -59.112179691853115  -55.823351053704805  -57.776346089192025
           010293980                    5                    3                    0              0.00012                    0                    0                    0   -0.000324573542058                    0                    0                    0    0.010725491397546    0.000000000000000    0.000000000000000  -42.651036060187479  -43.741882060212333
           010332732                   17                    1                    0              0.00096                    0                    0                    0   -0.011576941240623                    0                    0                    0    0.031003873486127 -108.138705547554565 -112.133399652641742 -116.466184114168968 -115.270653114613239
           010332732                    9                    2                    1              0.00035                    0                    0   -0.000036087931280    0.021454623208306                    0                    0    0.000016019292109    0.015409430176816  -65.079046993274417  -65.341629746718397  -67.352303681269859  -62.906939910590673
           010332732                    6                    3                    1              0.00005                    0                    0   -0.000038303730237    0.021845578073823                    0                    0    0.000011795200423    0.011011735147345    0.000000000000000  -53.427780642718815  -55.608945498670742  -47.403162442078163
           010384891                   15                    1                    0              0.00140                    0                    0                    0   -0.014529969472817                    0                    0                    0    0.037404696830771  -90.326124463608522  -91.647855632157231  -94.567657812652612  -95.870719760982794
           010384891                    8                    2                    0              0.00095                    0                    0                    0   -0.012037259646116                    0                    0                    0    0.030753303441907  -51.258751740696390  -52.150857114567685  -53.971039184639594  -53.628684242233611
           010384891                    5                    3                    0              0.00093                    0                    0                    0   -0.014529969472817                    0                    0                    0    0.030460940420751    0.000000000000000    0.000000000000000  -32.314655483740005  -33.303662667906039
           010394332                   16                    1                    0              0.00103                    0                    0                    0   -0.007750768030753                    0                    0                    0    0.032083543119354  -98.792195212029966 -101.573667366617698 -104.457752541135790 -107.288597060757425
           010394332                    8                    2                    0              0.00045                    0                    0                    0   -0.007750768030753                    0                    0                    0    0.021210162449190  -52.845849195240270  -54.371862315390374  -56.829173177609533  -59.572956079920054
           010394332                    6                    3                    0              0.00011                    0                    0                    0   -0.009621603172652                    0                    0                    0    0.010601148200404    0.000000000000000  -50.720908814552615  -52.512843241204948  -52.769756086022838
           010536761                   16                    1                    0              0.00046                    0                    0                    0   -0.004335226457980                    0                    0                    0    0.021527460688838 -115.381208901254070 -117.304907834390733 -119.556340521100296 -120.057040637314643
           010536761                    8                    2                    0              0.00024                    0                    0                    0   -0.004335226457980                    0                    0                    0    0.015395805466267  -64.237968972139058  -64.777703580085301  -66.081005527348751  -64.699121322047660
           010536761                    6                    3                    1              0.00006                    0                    0    0.000021751030328   -0.022896563347670                    0                    0    0.000011357197946    0.012074704660663    0.000000000000000  -56.006258109365476  -55.118540773384993  -50.545834484334478
           010548640                   14                    1                    0              0.00033                    0                    0                    0   -0.004664554942535                    0                    0                    0    0.018156353930137 -103.026005718511684 -105.440866636085275 -108.409169942766567 -109.605514291080937
           010548640                    7                    2                    2              0.00005                    0   -0.000000034432792    0.000075085427854   -0.036859759437573                    0    0.000000034861624    0.000060077522623    0.022508186635524  -61.232139359689121  -63.035537818691779  -62.892606164257110  -60.910683755474210
           010548640                    5                    3                    0              0.00014                    0                    0                    0   -0.004173924370383                    0                    0                    0    0.011851533027638    0.000000000000000    0.000000000000000  -43.032856929725391  -42.743542591041511
           010811078                   14                    1                    0              0.00088                    0                    0                    0   -0.014412959206037                    0                    0                    0    0.029600729654221  -89.835056739052931  -92.393328846069508  -95.189121449589621  -95.919718159699130
           010811078                    7                    2                    1              0.00005                    0                    0    0.000023311990703   -0.033515294557781                    0                    0    0.000009706891204    0.009037003380758  -63.363358774123576  -64.328098130434199  -65.862078104490564  -57.742831963542905
           010811078                    5                    3                    1              0.00004                    0                    0    0.000026203733990   -0.036505218791458                    0                    0    0.000012759014493    0.012908904935333    0.000000000000000    0.000000000000000  -47.719889382134156  -41.212889444367335
           010976930                   18                    1                    0              0.00136                    0                    0                    0   -0.012004303029104                    0                    0                    0    0.036832115271042 -115.808019168325600 -117.597428144257492 -115.945249935791622 -115.959492447037277
           010976930                    9                    2                    2              0.00030                    0    0.000000090643696   -0.000115635303695    0.011867542903169                    0    0.000000045422233    0.000079530307443    0.029885175859159  -65.547752574834973  -66.314882499360380  -62.651261906116652  -62.001525676022872
           010976930                    6                    3                    2              0.00013                    0    0.000000076474216   -0.000085570823331   -0.004231039365799                    0    0.000000080802159    0.000145988283420    0.058687219005000    0.000000000000000  -48.474978979323737  -42.962542307806018  -43.302200166766440
           010991555                   14                    1                    0              0.00166                    0                    0                    0   -0.007778969637059                    0                    0                    0    0.040768673666815  -82.949761142768523  -85.455933822062704  -85.667891805055817  -86.956498923863521
           010991555                    7                    2                    0              0.00084                    0                    0                    0   -0.007778969637059                    0                    0                    0    0.028990632711302  -47.179450102858127  -48.936056128978876  -47.663780427362525  -47.625045006760551
           010991555                    5                    3                    0              0.00086                    0                    0                    0   -0.003959409175808                    0                    0                    0    0.029410056092102    0.000000000000000    0.000000000000000  -34.681958853877354  -33.654748279287347
           011031746                   17                    1                    0              0.00037                    0                    0                    0   -0.003924105382910                    0                    0                    0    0.019336620427570 -127.079847953376444 -124.945051727769282 -127.893478415341320 -131.322441336911965
           011031746                    9                    2                    3              0.00006   -0.000000000164601    0.000000419237003   -0.000300774704256    0.050597609926886    0.000000000069736    0.000000185257414    0.000145562882141    0.032560168815780  -78.158073538949466  -69.283155061190016  -70.921330705147227  -73.228747788222989
           011031746                    6                    3                    0              0.00007                    0                    0                    0   -0.004823086084507                    0                    0                    0    0.008419188145367    0.000000000000000  -52.988922530947590  -53.591221989972013  -55.535143032773320
           011147271                   17                    1                    0              0.00040                    0                    0                    0    0.000090015702903                    0                    0                    0    0.019930939032101 -124.007546716202697 -126.829623028912806 -127.983163578362820 -130.293175653998077
           011147271                    9                    2                    0              0.00013                    0                    0                    0    0.001297339383403                    0                    0                    0    0.011201794393732  -75.835711298756351  -77.936497292891048  -76.396650239606529  -78.653038818844593
           011147271                    6                    3                    0              0.00008                    0                    0                    0    0.000478825989449                    0                    0                    0    0.009214368203835    0.000000000000000  -56.030946699881909  -52.701624747394703  -54.452135553831127
           011455028                   16                    1                    0              0.00130                    0                    0                    0   -0.011764169107493                    0                    0                    0    0.036037938773651 -100.868400778230054 -101.989411691153947 -105.518200043470955 -103.569268577521441
           011455028                    8                    2                    3              0.00011    0.000000000236925   -0.000000554940696    0.000400181445423   -0.102687632075304    0.000000000138243    0.000000355593049    0.000272684626972    0.060621072364954  -64.772395024588803  -60.048737802830075  -61.395992793345044  -57.323573827313737
           011455028                    6                    3                    1              0.00025                    0                    0    0.000030754930942   -0.037045495594496                    0                    0    0.000022428049857    0.026580241392496    0.000000000000000  -44.545893029232758  -46.128904575855032  -43.149851739393597
           011955208                   14                    1                    0              0.00053                    0                    0                    0   -0.008362860696513                    0                    0                    0    0.023050526267138  -91.518233479171471  -94.479579152455898  -96.582592397898210 -102.922809661496771
           011955208                    7                    2                    0              0.00005                    0                    0                    0   -0.008362860696513                    0                    0                    0    0.007098566039762  -63.903325616777146  -65.988363763844362  -65.475603348562800  -67.324164592832815
           011955208                    5                    3                    0              0.00010                    0                    0                    0   -0.007974224269359                    0                    0                    0    0.009817683657136    0.000000000000000    0.000000000000000  -43.014897149893947  -44.626262733251977
           012021620                   16                    1                    3              0.00336    0.000000000683298   -0.000001557361148    0.001025188740899   -0.226237793384315    0.000000000312112    0.000000832126907    0.000664385682046    0.154039439445141  -80.026783794726242  -75.991316959342441  -74.034271056904700  -71.705235005709000
           012021620                    8                    2                    3              0.00194    0.000000000877476   -0.000002154985551    0.001600908821786   -0.393800998797198    0.000000000610558    0.000001660445014    0.001369160256414    0.333003394310858  -41.653630963445373  -38.115959139437209  -37.837591156321949  -36.567967884632068
           012021620                    6                    3                    1              0.00541                    0                    0    0.000197891938279   -0.182236247437203                    0                    0    0.000124544620242    0.141228183909539    0.000000000000000  -29.236710735563705  -27.734872830070600  -24.632164304758696
           012102573                   16                    1                    0              0.00431                    0                    0                    0   -0.002640875581420                    0                    0                    0    0.065656766542554  -77.391571341427081  -80.253458434531254  -81.549338029828249  -84.373478912626041
           012102573                    8                    2                    0              0.00271                    0                    0                    0   -0.002640875581420                    0                    0                    0    0.052045026115019  -38.057351018348122  -41.388515347684901  -42.686149720349484  -45.210895230114694
           012102573                    6                    3                    0              0.00112                    0                    0                    0    0.002818794008931                    0                    0                    0    0.033452454865739    0.000000000000000  -39.192053009664761  -35.983104745579645  -38.979801802657676
           012118993                   16                    1                    0              0.00148                    0                    0                    0   -0.007981234487799                    0                    0                    0    0.038448470943997  -94.078015778629180  -96.542618588504084  -99.366423616164724 -101.497374516400910
           012118993                    8                    2                    1              0.00009                    0                    0   -0.000019064511768    0.009745480844217                    0                    0    0.000012345684991    0.011930752186490  -70.275347777481485  -68.521066539932775  -70.099939723910609  -66.427652986820192
           012118993                    6                    3                    1              0.00013                    0                    0   -0.000027236353149    0.014802397896674                    0                    0    0.000018936209965    0.020614564088221    0.000000000000000  -48.395682808184702  -50.205590715817870  -46.725283780374596
           012119534                   17                    1                    0              0.00042                    0                    0                    0   -0.005288974455419                    0                    0                    0    0.020465542661492 -122.626579435141778 -125.389586608308264 -127.948481360063340 -129.393216851988058
           012119534                    9                    2                    1              0.00002                    0                    0   -0.000013461668392    0.006398139623763                    0                    0    0.000004765693615    0.004786092566072  -91.101129029791792  -93.258544902662834  -93.071538535928582  -85.741825303217112
           012119534                    6                    3                    1              0.00004                    0                    0   -0.000014904832407    0.007230893257202                    0                    0    0.000010632643700    0.010708544454157    0.000000000000000  -55.358425445602848  -56.876334455669934  -53.286724653417657
