#This is a file containing the data involved in the best fit of our KICs                                                                                                                                                                                                                                                                                                                                                
                #KIC                    N           group size          best degree            chiSquare                  X^3                  X^2                  X^1                  X^0               Error3               Error2               Error1               Error0                 BIC3                 BIC2                 BIC1                 BIC0
           001872192                   17                    1                    0              0.00059                    0                    0                    0    0.082088903650742                    0                    0                    0    0.024359017957299 -114.823275505923064 -117.950210331866344 -121.455131257408851 -123.471793779499762
           002717423                   16                    1                    0              0.00439                    0                    0                    0    0.226993397348204                    0                    0                    0    0.066257015680345  -75.550655193800324  -77.978044795368277  -80.666648793627218  -84.082256802902378
           003454793                   12                    1                    0              0.00078                    0                    0                    0    0.098575393182024                    0                    0                    0    0.027921980766964  -77.957411548482781  -82.548568688182186  -85.244328764464314  -83.395278771705819
           003634755                   18                    1                    0              0.00067                    0                    0                    0    0.041866035577659                    0                    0                    0    0.025923663575069 -118.764123877545913 -122.667039688138857 -121.209706488561878 -128.603194972887877
           003759394                   14                    1                    0              0.00151                    0                    0                    0    0.106160016451066                    0                    0                    0    0.038841600993144  -78.170798784385013  -81.614972935849650  -84.782351428660647  -88.312318323808668
           003962715                   14                    1                    0              0.00195                    0                    0                    0    0.143019490297671                    0                    0                    0    0.044204140941139  -80.415235601100804  -81.111491005853452  -80.665050448940875  -84.691173289783791
           004036736                   14                    1                    0              0.00053                    0                    0                    0    0.046392339969472                    0                    0                    0    0.022968710659811 -101.209656424259251  -98.702386638416627 -100.517629003335543 -103.022369739922880
           004056791                   17                    1                    0              0.00210                    0                    0                    0    0.089538264835484                    0                    0                    0    0.045806203381695  -93.786166259524336  -92.353068010865286  -95.290969381928576 -102.000202224578373
           004142890                    9                    1                    1              0.00001                    0                    0    0.000009891503141    0.011651262286766                    0                    0    0.000003723667002    0.003453206256269  -93.793885458616217  -95.454721308553133  -95.880887817720208  -92.352615032705501
           004352328                   14                    1                    2              0.00008                    0    0.000000031306250   -0.000053078427714    0.038398010008928                    0    0.000000012394048    0.000022279916103    0.009096409492246 -121.060546985881317 -123.884727256826011 -115.892565313263702 -120.245176405844092
           004355503                   13                    1                    1              0.00009                    0                    0    0.000019604790446    0.015933318098634                    0                    0    0.000008884233551    0.008003141123902 -111.107771091424055 -113.037882979708684 -115.354794675805366 -113.228506784447916
           004636938                   17                    1                    0              0.00165                    0                    0                    0    0.130688134116786                    0                    0                    0    0.040599101275920  -95.889399516046652  -99.042478275292154 -100.386293865747234 -106.103104511082435
           004725292                   12                    1                    0              0.00126                    0                    0                    0    0.114582787045226                    0                    0                    0    0.035428100919917  -74.499663686394342  -76.247315065611147  -79.238303787294456  -77.681092448936681
           004742436                    9                    1                    1              0.00010                    0                    0   -0.000018294005253    0.042373120799198                    0                    0    0.000014608820414    0.017099363879037  -75.612183171545254  -77.109805758215742  -78.836428093125633  -75.402954901185055
           005095098                   17                    1                    0              0.00167                    0                    0                    0    0.148387380130431                    0                    0                    0    0.040921615869038  -99.564184502365165 -102.024019729491300 -103.025114550857936 -105.834079562325400
           005344895                   13                    1                    2              0.00055                    0    0.000000044373795   -0.000105168518490    0.112835050556323                    0    0.000000042054829    0.000074870679688    0.029464251861414  -85.327697310525735  -89.808743531465566  -88.636621448001051  -87.184478467696920
           005510843                   12                    1                    0              0.00131                    0                    0                    0    0.100475854499639                    0                    0                    0    0.036205923510558  -77.102057924225875  -74.743095825702000  -75.672104817350004  -77.159874325775235
           005514871                   12                    1                    0              0.04021                    0                    0                    0    0.265960485330965                    0                    0                    0    0.200516906410066  -33.126395461623943  -35.312274571221735  -35.753216792397339  -36.079654499247255
           005567130                   17                    1                    0              0.00275                    0                    0                    0    0.176521221526085                    0                    0                    0    0.052422833592424  -95.359992938835489  -98.196415602168429  -96.845839231616779  -97.412829573549971
           005607145                   16                    1                    0              0.00054                    0                    0                    0    0.053417296127795                    0                    0                    0    0.023149232213255 -108.726461220153311 -111.302414563598404 -113.889013386537968 -117.732808549248077
           005608384                   17                    1                    1              0.02610                    0                    0   -0.000245826347089    0.790761712742916                    0                    0    0.000097358094643    0.097070616043010  -58.011807313869383  -58.059324569912299  -56.314274226029504  -54.222460874882344
           005647463                   16                    1                    0              0.00127                    0                    0                    0    0.087057249676814                    0                    0                    0    0.035669174375660  -94.110255135387050  -97.357785856957435 -100.585706529607464 -103.898400911744019
           005685704                   12                    1                    0              0.00059                    0                    0                    0    0.157608919678703                    0                    0                    0    0.024265040071798  -81.475244146193774  -83.609491276040757  -85.861356124414982  -86.764340823073070
           005786382                   17                    1                    0              0.00169                    0                    0                    0    0.098281724955089                    0                    0                    0    0.041072873214464  -97.516682087642110  -98.616364869908153 -101.934267125334799 -105.708638068986147
           005961373                   16                    1                    0              0.01736                    0                    0                    0    0.281901888063503                    0                    0                    0    0.131750827063228  -49.406527688617437  -52.537729697654079  -55.230221806069792  -62.086381327699819
           006070714                   32                    1                    0              2.48654                    0                    0                    0    2.469970894986291                    0                    0                    0    1.576877610238669   57.134729523854361   53.629041331922259   51.161512393477182   32.614324429877144
           006073090                   15                    1                    0              0.00028                    0                    0                    0    0.061276357424874                    0                    0                    0    0.016666437055183 -111.658710618617491 -114.013336558864012 -116.713703934392086 -120.122699969078980
           006129451                   16                    1                    0              0.00071                    0                    0                    0    0.066360730264672                    0                    0                    0    0.026590820328954 -107.626497933009986 -108.834749602128383 -111.293894176584274 -113.297466419219191
           006290974                   18                    1                    0              0.00189                    0                    0                    0    0.085176553169380                    0                    0                    0    0.043488102396645  -97.161420664094194 -103.550950166109885 -103.798004792281063 -109.979272153251912
           006423857                   13                    1                    0              0.00099                    0                    0                    0    0.122864218586873                    0                    0                    0    0.031434422817809  -80.526187464917768  -83.891294967855842  -84.483235863572702  -87.391195322183776
           006437385                    9                    1                    0              0.00005                    0                    0                    0    0.022608133151726                    0                    0                    0    0.006858109667748  -88.608406285688886  -84.220786890923563  -85.106853486200436  -87.484597232053488
           006547641                   12                    1                    0              0.00025                    0                    0                    0    0.035675582050106                    0                    0                    0    0.015762232328474  -89.862432203871123  -92.128721629448378  -92.895540961906107  -97.118418775222068
           006794650                   15                    1                    0              0.00048                    0                    0                    0    0.068671562468886                    0                    0                    0    0.021825596427789 -103.399186946720363 -106.921692925187116 -110.367827676652922 -112.032105295782088
           006836589                   14                    1                    0              0.00119                    0                    0                    0    0.072807811034431                    0                    0                    0    0.034534734493888  -84.468962960663674  -86.235099210368134  -88.437304835038304  -91.603053276402662
           006949412                   15                    1                    0              0.00159                    0                    0                    0    0.091810123106816                    0                    0                    0    0.039906181593661  -85.799371500610917  -89.835339456281829  -89.897808482053662  -93.928670996703616
           007131515                   16                    1                    0              0.00081                    0                    0                    0    0.083227305222532                    0                    0                    0    0.028442668037231 -108.346459905458261 -107.499599968525217 -110.299714487403065 -111.143086977122735
           007199037                   10                    1                    0              0.27006                    0                    0                    0    0.552828346785741                    0                    0                    0    0.519668173650538   -3.369527518597085   -5.657343563439922   -5.147226781731925  -10.788710880843063
           007692454                    4                    1                    0              0.00236                    0                    0                    0    0.041654692097177                    0                    0                    0    0.048539242169229    0.000000000000000    0.000000000000000    0.000000000000000  -22.816767169328106
           007765135                   17                    1                    0              0.00126                    0                    0                    0    0.051555013679035                    0                    0                    0    0.035562110498611  -99.745137710268111 -107.069108894172331 -105.650811342812673 -110.606920327204094
           008004647                   15                    1                    0              0.00071                    0                    0                    0    0.076120369873760                    0                    0                    0    0.026588635331406 -100.318212211316009 -102.217212207208732 -102.816429340742644 -106.110091728970417
           008093473                   16                    1                    0              0.00092                    0                    0                    0    0.097748012446981                    0                    0                    0    0.030357057820168  -99.834959099460704 -101.715024861388699 -104.673880278696259 -109.058650986396742
           008282831                   16                    1                    0              0.01268                    0                    0                    0    0.343713068154586                    0                    0                    0    0.112592579201437  -64.433114840153351  -66.861113791939133  -68.981229595341844  -67.114754302426249
           008292758                   16                    1                    0              0.00047                    0                    0                    0    0.079265990496491                    0                    0                    0    0.021734465922666 -109.356858185630500 -111.704891497289736 -115.502660578729547 -119.750802863980056
           008416220                   16                    1                    1              0.00213                    0                    0    0.000082349971696    0.146987863044384                    0                    0    0.000032615170461    0.030705570699742  -88.985942565691843  -91.902446199688796  -92.914188525088477  -88.067130415458124
           008431229                   15                    1                    2              0.00062                    0    0.000000085159956   -0.000165111770935    0.116688560360610                    0    0.000000051534334    0.000093498102033    0.038563367154926  -99.226461511809646 -102.599311050396366  -94.062828423792595  -97.820785488220793
           008643814                   11                    1                    0              0.00024                    0                    0                    0    0.045837231586576                    0                    0                    0    0.015464117324290  -85.314650916453701  -86.084796123497355  -88.495492724773257  -89.325229631043172
           008803643                   14                    1                    0              0.00054                    0                    0                    0    0.048347557344047                    0                    0                    0    0.023162821181909  -95.577993501874872  -98.898132753062441 -101.347142012499447 -102.786733658539262
           008892124                   16                    1                    2              0.00056                    0    0.000000167755500   -0.000282316328392    0.168591346198812                    0    0.000000050588120    0.000087916773937    0.034168176841338 -109.594647157831446 -111.450270125752809 -100.321616127949028 -105.844896305837096
           008935655                   17                    1                    0              0.00083                    0                    0                    0    0.111949703510660                    0                    0                    0    0.028893052029257 -113.388043524455981 -116.397389990428763 -118.349832353029953 -117.668026973278714
           008959087                   14                    1                    0              0.00046                    0                    0                    0    0.055760393369341                    0                    0                    0    0.021372811669765 -100.219633209064312 -101.931461403991364 -103.742461711215995 -105.038740798228787
           009267818                   15                    1                    0              0.00033                    0                    0                    0    0.053073354819734                    0                    0                    0    0.018293777289977 -115.342114245395450 -111.927310094416555 -114.177807738967005 -117.327779271701502
           009340503                   14                    1                    0              0.00029                    0                    0                    0    0.066434995753511                    0                    0                    0    0.016978530552639 -104.884969686111148 -107.277576593496207 -108.843778410716723 -111.483500638977134
           009763640                   17                    1                    0              0.00117                    0                    0                    0    0.088799222966645                    0                    0                    0    0.034215034825748 -109.685386837404380 -113.503607644091858 -112.121576368929695 -111.919850624691861
           009874575                   16                    1                    0              0.06989                    0                    0                    0    0.456324488579261                    0                    0                    0    0.264363499285013  -33.437118896491121  -35.592494074438406  -37.764359739280685  -39.801178690567333
           009933464                   16                    1                    0              0.00114                    0                    0                    0    0.093914786947947                    0                    0                    0    0.033830627805360  -98.157531533752490 -101.898715094906848 -101.613312692223658 -105.591850916478137
           009941718                   15                    1                    0              0.00064                    0                    0                    0    0.051636189747583                    0                    0                    0    0.025243134933007 -101.428994820552916 -104.117964149203573 -104.356040599577824 -107.667981120973721
           009945771                   16                    1                    0              0.00158                    0                    0                    0    0.091734126207628                    0                    0                    0    0.039739991439914  -92.103356966555353  -97.276330203569344  -95.135211295540770 -100.440123510103987
           009992083                   17                    1                    0              0.00452                    0                    0                    0    0.165749168563430                    0                    0                    0    0.067227709186964  -82.595254596418769  -87.157566951922036  -87.292129278413469  -88.955559085834054
           010293980                   12                    1                    0              0.00071                    0                    0                    0    0.037872593360017                    0                    0                    0    0.026637938453788  -77.861953584344150  -82.533491321242309  -79.697801937992310  -84.525145070355890
           010332732                   17                    1                    0              0.00140                    0                    0                    0    0.109460535616887                    0                    0                    0    0.037414282187879 -104.626197156284334 -107.365483596628337 -110.274921890193980 -108.880680862353060
           010384891                   16                    1                    0              0.00646                    0                    0                    0    0.189472801397345                    0                    0                    0    0.080384592518977  -69.699805783950126  -73.776700174364507  -72.689300281243504  -77.897259485687201
           010394332                   16                    1                    0              0.00159                    0                    0                    0    0.106233273461355                    0                    0                    0    0.039883918436609  -91.354506663412891  -93.933415688899515  -96.702594964692011 -100.324437934816103
           010536761                   16                    1                    0              0.00055                    0                    0                    0    0.049479158369058                    0                    0                    0    0.023443296445601 -115.503760081971961 -114.339927532630938 -115.660232467874295 -117.328873383888535
           010548640                   14                    1                    0              0.00070                    0                    0                    0    0.083653163577389                    0                    0                    0    0.026367532302709  -93.511560333275625  -96.665110528930867  -98.397645760393758  -99.158354826506184
           010811078                   12                    1                    0              0.00088                    0                    0                    0    0.070201762477012                    0                    0                    0    0.029692552896716  -74.153573114241794  -76.601351046899595  -79.121606822097959  -81.919709562213654
           010976930                   14                    1                    2              0.00030                    0    0.000000071447290   -0.000079551189107    0.063297873403199                    0    0.000000042263419    0.000072357400094    0.026420746405033 -102.579909315521817 -105.618518991255726 -102.450118695978844  -98.152158364444091
           010991555                   14                    1                    0              0.00266                    0                    0                    0    0.104751658809150                    0                    0                    0    0.051534413850709  -70.171411955534651  -72.855843516099029  -74.886895614694538  -80.395095672686509
           011031746                   17                    1                    0              0.00088                    0                    0                    0    0.152154036642061                    0                    0                    0    0.029737501778522 -110.090695173443109 -109.979265300396889 -113.656864191028120 -116.688562336497327
           011147271                   17                    1                    0              0.00105                    0                    0                    0    0.124550347435073                    0                    0                    0    0.032334009138521 -104.214228146012275 -107.097337418003264 -110.205555004486840 -113.842400053857176
           011455028                   16                    1                    1              0.00125                    0                    0    0.000057228063984    0.045755161519036                    0                    0    0.000024362011251    0.021334429877681  -96.179984660264196  -98.905184411028998 -101.366766440909359  -97.423613959604992
           011955208                   14                    1                    0              0.00131                    0                    0                    0    0.116196551530737                    0                    0                    0    0.036134739801745  -81.213408840377383  -84.363784447143090  -85.771104420782919  -90.334958210376541
           012021620                   16                    1                    1              0.02108                    0                    0    0.000378362839371    0.210044674626977                    0                    0    0.000103447356327    0.089964222505160  -52.696895175642894  -55.226682258936762  -56.206511822768967  -46.570345214339611
           012102573                   15                    1                    0              0.00168                    0                    0                    0    0.078877302195423                    0                    0                    0    0.041039417882707  -86.665674312636668  -90.067008692766947  -87.203800335085262  -93.088617669841398
           012118993                   16                    1                    0              0.00242                    0                    0                    0    0.151041465785860                    0                    0                    0    0.049191902205188  -86.027263243060716  -88.118462513507311  -90.788643597002320  -93.612251545140552
           012119534                   17                    1                    0              0.00088                    0                    0                    0    0.116825499914803                    0                    0                    0    0.029599089288944 -107.947871128992404 -112.008587308138999 -114.826690031983716 -116.847183959232382
