#This is a file containing the data involved in the best fit of our KICs                                                                                                                                                                                                                                                                                                                                                
                #KIC                    N           group size          best degree            chiSquare                  X^3                  X^2                  X^1                  X^0               Error3               Error2               Error1               Error0                 BIC3                 BIC2                 BIC1                 BIC0
           001872192                   14                    1                    0              0.00015                    0                    0                    0    0.027799296830246                    0                    0                    0    0.012351467089210 -117.317737606790303 -119.360429983708656 -118.925596914545409 -120.392394719199942
                   0                    0                    0                    0                    0                    0                    0                    0                    0                    0                    0                    0                    0                    0                    0                    0                    0
           003454793                   10                    1                    0              0.00004                    0                    0                    0    0.022640626446794                    0                    0                    0    0.005955192436060  -95.825308372094497  -97.962541265995199  -98.217445374626706 -100.167250140157208
           003634755                    3                    1                    0              0.00003                    0                    0                    0    0.021293397932801                    0                    0                    0    0.005219822158687    0.000000000000000    0.000000000000000    0.000000000000000  -30.433139392641930
           003759394                   10                    1                    0              0.00041                    0                    0                    0    0.042020673967258                    0                    0                    0    0.020257389262458  -72.678615856195080  -75.394845339085308  -77.166662259430908  -75.682127909811456
           003962715                    7                    1                    0              0.00008                    0                    0                    0    0.028233969247685                    0                    0                    0    0.009212475831063  -60.209401890830470  -64.648211516091578  -64.398535767039874  -63.674842880439975
           004036736                    2                    1                    0              0.00000                    0                    0                    0    0.013474710954416                    0                    0                    0    0.001779317689133    0.000000000000000    0.000000000000000    0.000000000000000  -24.632954054943784
           004056791                    2                    1                    0              0.00000                    0                    0                    0    0.021482066991734                    0                    0                    0    0.002109969811501    0.000000000000000    0.000000000000000    0.000000000000000  -23.951179375207523
                   0                    0                    0                    0                    0                    0                    0                    0                    0                    0                    0                    0                    0                    0                    0                    0                    0
                   0                    0                    0                    0                    0                    0                    0                    0                    0                    0                    0                    0                    0                    0                    0                    0                    0
           004355503                    1                    1                    0              0.00000                    0                    0                    0    0.013803132844402                    0                    0                    0    0.000000000000000    0.000000000000000    0.000000000000000    0.000000000000000                 -inf
           004636938                   10                    1                    0              0.00039                    0                    0                    0    0.028884604212274                    0                    0                    0    0.019797428044233  -73.372670104445092  -73.570690100110355  -75.224770262753268  -76.141479836502910
           004725292                   10                    1                    0              0.00082                    0                    0                    0    0.049977526508468                    0                    0                    0    0.028703909943418  -65.002126595737096  -66.309788827561334  -68.421162923437677  -68.711853517674228
                   0                    0                    0                    0                    0                    0                    0                    0                    0                    0                    0                    0                    0                    0                    0                    0                    0
           005095098                   16                    1                    0              0.00056                    0                    0                    0    0.054769381361642                    0                    0                    0    0.023674931425556 -112.261149025906633 -112.725530806308726 -115.108937799418385 -117.014244442753039
           005344895                    4                    1                    0              0.00013                    0                    0                    0    0.024098265360911                    0                    0                    0    0.011418271964685    0.000000000000000    0.000000000000000    0.000000000000000  -34.394028861130387
           005510843                   10                    1                    0              0.00032                    0                    0                    0    0.045489925504268                    0                    0                    0    0.017993434173402  -75.726590936192011  -75.558768728850211  -77.482966702307763  -78.052382022493831
           005514871                    3                    1                    0              0.00025                    0                    0                    0    0.040193060727368                    0                    0                    0    0.015702379830908    0.000000000000000    0.000000000000000    0.000000000000000  -23.825045690503959
           005567130                   15                    1                    0              0.00095                    0                    0                    0    0.109953134663881                    0                    0                    0    0.030849934782215  -96.525795678960122  -99.532021032384762 -100.907223610021759 -101.650569078747836
           005607145                    8                    1                    1              0.00003                    0                    0    0.000010042918946    0.011739106085308                    0                    0    0.000005608865180    0.005479952622053  -78.104029845864744  -80.085908346202189  -80.260198479121229  -76.860539848092998
           005608384                   15                    1                    0              0.00180                    0                    0                    0    0.065674992865750                    0                    0                    0    0.042420245324616  -91.067484034528178  -87.003322398935538  -89.740611326197310  -92.095836197867953
           005647463                   11                    1                    0              0.00012                    0                    0                    0    0.033035645948514                    0                    0                    0    0.011086351154994  -92.013762740145552  -93.551761575094318  -95.688970280458605  -96.646996892102507
           005685704                   11                    1                    0              0.00094                    0                    0                    0    0.063607634338334                    0                    0                    0    0.030604926593870  -73.828312139905336  -73.578110116114317  -76.199769129889646  -74.307178957232210
           005786382                    8                    1                    0              0.00021                    0                    0                    0    0.041443903560516                    0                    0                    0    0.014609003162905  -62.665164532453041  -61.576588271828570  -63.534999370378500  -65.538435023566876
           005961373                    5                    1                    0              0.00001                    0                    0                    0    0.017020387480605                    0                    0                    0    0.003300317149653    0.000000000000000    0.000000000000000  -54.659480722107084  -55.527929179285721
           006070714                   19                    1                    0              0.01238                    0                    0                    0    0.222769148470016                    0                    0                    0    0.111266290199036  -70.942196239921515  -73.755508812503194  -74.742610856152965  -80.497060737035568
           006073090                    2                    1                    0              0.00000                    0                    0                    0    0.017013290940475                    0                    0                    0    0.000761570882043    0.000000000000000    0.000000000000000    0.000000000000000  -28.027362050756036
           006129451                    9                    1                    0              0.00004                    0                    0                    0    0.023892472840818                    0                    0                    0    0.006176533743251  -87.010516173179838  -87.182792015904880  -89.187611213724253  -89.368740283698259
           006290974                   13                    1                    0              0.00004                    0                    0                    0    0.023423955017161                    0                    0                    0    0.006534809745935 -121.282603369345168 -123.682502630290315 -124.622648346300551 -128.230963823537934
           006423857                   13                    1                    0              0.00030                    0                    0                    0    0.046370744015820                    0                    0                    0    0.017220712752105  -96.759755610794130  -97.495732930352915  -99.601072645023109 -103.037752779736905
           006437385                    1                    1                    0              0.00000                    0                    0                    0    0.015594548576896                    0                    0                    0    0.000000000000000    0.000000000000000    0.000000000000000    0.000000000000000                 -inf
                   0                    0                    0                    0                    0                    0                    0                    0                    0                    0                    0                    0                    0                    0                    0                    0                    0
           006794650                   13                    1                    0              0.00015                    0                    0                    0    0.036455725293447                    0                    0                    0    0.012421910935345 -112.034955379920589 -107.046269103524139 -108.850962669572283 -111.530677866906117
           006836589                    6                    1                    0              0.00012                    0                    0                    0    0.034774451016352                    0                    0                    0    0.010945289374980    0.000000000000000  -52.812030467535223  -50.125618476760117  -52.386393842916796
           006949412                   13                    1                    0              0.00028                    0                    0                    0    0.036690399356872                    0                    0                    0    0.016726342768148  -98.384309743673725 -100.912977293010613 -100.506401299764889 -103.795080811124336
           007131515                    7                    1                    2              0.00001                    0   -0.000000017568236    0.000025908804678    0.013642835542771                    0    0.000000018613752    0.000034582027446    0.013581593831563  -76.030784448101443  -77.355036706716234  -75.936868375116219  -74.934367483975095
                   0                    0                    0                    0                    0                    0                    0                    0                    0                    0                    0                    0                    0                    0                    0                    0                    0
                   0                    0                    0                    0                    0                    0                    0                    0                    0                    0                    0                    0                    0                    0                    0                    0                    0
           007765135                    6                    1                    0              0.00001                    0                    0                    0    0.019636678632722                    0                    0                    0    0.003048230819862    0.000000000000000  -66.797967311462969  -66.113834246732338  -67.726567519459422
           008004647                    3                    1                    0              0.00004                    0                    0                    0    0.021718965773101                    0                    0                    0    0.006103692398593    0.000000000000000    0.000000000000000    0.000000000000000  -29.494555989442780
           008093473                    6                    1                    2              0.00004                    0    0.000000032674751   -0.000073624371658    0.059146758524111                    0    0.000000049800467    0.000092503905039    0.039912145915145    0.000000000000000  -55.229259546654333  -51.078177879968479  -49.496335193832898
           008282831                   14                    1                    0              0.00398                    0                    0                    0    0.089747261811191                    0                    0                    0    0.063064749655426  -65.025832588640654  -67.604181312131161  -69.519037967555576  -74.741555296585673
           008292758                    7                    1                    2              0.00000                    0    0.000000009261954   -0.000024806767661    0.035681889155176                    0    0.000000004228898    0.000007886806799    0.003143091957965  -98.120223910917744  -99.678841607653737  -92.250580138730044  -79.813232114005004
           008416220                   15                    1                    0              0.00071                    0                    0                    0    0.068064887595744                    0                    0                    0    0.026668966187687  -97.805202616730838 -100.084491259669207 -103.014126192342673 -106.019590938573657
           008431229                    3                    1                    0              0.00232                    0                    0                    0    0.047753853524980                    0                    0                    0    0.048205958225836    0.000000000000000    0.000000000000000    0.000000000000000  -17.095023616859983
           008643814                    4                    1                    0              0.00011                    0                    0                    0    0.020291952660782                    0                    0                    0    0.010378512391384    0.000000000000000    0.000000000000000    0.000000000000000  -35.157847450164297
           008803643                    8                    1                    0              0.00012                    0                    0                    0    0.025932644884051                    0                    0                    0    0.011078074289811  -65.307489177389741  -68.416751355269639  -69.978188881621875  -69.965157071546770
           008892124                   14                    1                    0              0.00030                    0                    0                    0    0.039596754144077                    0                    0                    0    0.017268380645443 -103.144909013179372 -105.678481517552910 -106.638460174720080 -111.009531098058062
           008935655                    5                    1                    0              0.00011                    0                    0                    0    0.022776124381512                    0                    0                    0    0.010302212875352    0.000000000000000    0.000000000000000  -42.982568988171224  -44.144527733112874
           008959087                    2                    1                    0              0.00000                    0                    0                    0    0.013008104991005                    0                    0                    0    0.000157007895608    0.000000000000000    0.000000000000000    0.000000000000000  -34.343710672983882
           009267818                    3                    1                    0              0.00001                    0                    0                    0    0.015900765086835                    0                    0                    0    0.003511152636617    0.000000000000000    0.000000000000000    0.000000000000000  -32.812253164797127
           009340503                    6                    1                    0              0.00006                    0                    0                    0    0.022671062849684                    0                    0                    0    0.007701551419028    0.000000000000000  -53.427497149976148  -54.996227030960782  -56.604242379893059
           009763640                   15                    1                    0              0.00033                    0                    0                    0    0.036964995217017                    0                    0                    0    0.018150699766002 -114.291161771405399 -116.686035751448472 -113.964433743773128 -117.563334731312864
           009874575                   13                    1                    2              0.00007                    0    0.000000030737914   -0.000044507873851    0.036522906208861                    0    0.000000017803252    0.000031829885475    0.012407615214245 -113.396005457017694 -116.189649344063980 -109.547384584490118 -112.442079345365002
           009933464                    6                    1                    0              0.00005                    0                    0                    0    0.026237573837819                    0                    0                    0    0.007385103004290    0.000000000000000  -58.846927023834823  -56.756197049571611  -57.107725514670477
                   0                    0                    0                    0                    0                    0                    0                    0                    0                    0                    0                    0                    0                    0                    0                    0                    0
           009945771                   13                    1                    0              0.00098                    0                    0                    0    0.043368325802850                    0                    0                    0    0.031280871583901  -83.728312104821569  -84.715867528176830  -83.298391387042201  -87.518511636240490
           009992083                   13                    1                    2              0.00014                    0    0.000000117408730   -0.000185574502353    0.106112154507625                    0    0.000000034591662    0.000057782956294    0.020376384903352 -104.092932016763299 -107.641829346988288  -91.779984808241210  -95.195078897322929
                   0                    0                    0                    0                    0                    0                    0                    0                    0                    0                    0                    0                    0                    0                    0                    0                    0
           010332732                    6                    1                    0              0.00006                    0                    0                    0    0.022295840414746                    0                    0                    0    0.007866046198860    0.000000000000000  -54.611986289402438  -54.675567364575457  -56.350637311839193
           010384891                   14                    1                    0              0.00060                    0                    0                    0    0.051040227480552                    0                    0                    0    0.024580827036498  -96.044827443670385  -99.672589369771217 -101.467227993287651 -101.123021473575790
           010394332                   13                    1                    0              0.00046                    0                    0                    0    0.039127029092539                    0                    0                    0    0.021523004093160  -88.649041663957490  -91.197994836027178  -93.544884067197827  -97.239507551163229
                   0                    0                    0                    0                    0                    0                    0                    0                    0                    0                    0                    0                    0                    0                    0                    0                    0
           010548640                    8                    1                    0              0.00016                    0                    0                    0    0.034840413638772                    0                    0                    0    0.012692340660446  -66.553320443895089  -63.047296215256068  -65.767033676580326  -67.788663499228306
           010811078                    3                    1                    0              0.00007                    0                    0                    0    0.025382785849522                    0                    0                    0    0.008553065980548    0.000000000000000    0.000000000000000    0.000000000000000  -27.470180507913390
           010976930                    5                    1                    0              0.00005                    0                    0                    0    0.026137805908701                    0                    0                    0    0.006941341786937    0.000000000000000    0.000000000000000  -46.563726023313002  -48.093163908508338
           010991555                   10                    1                    2              0.00045                    0    0.000000050138582   -0.000061104895567    0.048438061166737                    0    0.000000048619576    0.000083878273881    0.031494525194182  -68.381833015551777  -70.177295398594708  -68.816257336446412  -68.002697853721870
           011031746                   16                    1                    0              0.00046                    0                    0                    0    0.065035886777104                    0                    0                    0    0.021495323127943 -111.820160176057570 -114.490486070062758 -117.003180079798852 -120.104847963976169
           011147271                   11                    1                    0              0.00026                    0                    0                    0    0.031152369910106                    0                    0                    0    0.016158228600695  -85.777072526041735  -88.127802406415228  -83.941952665144527  -88.359273387406049
           011455028                   10                    1                    0              0.00041                    0                    0                    0    0.040733971925996                    0                    0                    0    0.020280757779343  -68.626551000793214  -70.896946695721923  -73.138782932088702  -75.659069609244469
           011955208                   10                    1                    2              0.00015                    0    0.000000076716061   -0.000152128486332    0.095857423496919                    0    0.000000042788884    0.000074742654684    0.028649861869874  -79.253415317106402  -81.306451624939143  -78.545176494535198  -77.308459314382176
           012021620                    4                    1                    0              0.00011                    0                    0                    0    0.039057373922387                    0                    0                    0    0.010668319936254    0.000000000000000    0.000000000000000    0.000000000000000  -34.937519101576711
           012102573                   10                    1                    0              0.00122                    0                    0                    0    0.041694444107507                    0                    0                    0    0.034874835892187  -59.372781680002305  -61.609117280767776  -60.090879124306618  -64.817209796047024
           012118993                   15                    1                    0              0.00069                    0                    0                    0    0.047163164144593                    0                    0                    0    0.026316119237917  -96.796539554305284  -99.390559362311620 -103.055021577103190 -106.419158661818813
           012119534                   14                    1                    0              0.00014                    0                    0                    0    0.030559118998238                    0                    0                    0    0.011866619580693 -117.840032149246738 -118.207372136314461 -120.201786745461632 -121.513667806523273
