#This is a file containing the data involved in the best fit of our KICs                                                                                                                                                                                                                                                                                                                                                
                #KIC                    N           group size          best degree            chiSquare                  X^3                  X^2                  X^1                  X^0               Error3               Error2               Error1               Error0                 BIC3                 BIC2                 BIC1                 BIC0
           001872192                   17                    1                    0              0.00675                    0                    0                    0    0.301011543230033                    0                    0                    0    0.082156692392558  -74.333118234488921  -75.676399219715904  -78.462574908635119  -82.137103714004581
           002717423                   16                    1                    0              0.02655                    0                    0                    0    0.670362696352450                    0                    0                    0    0.162936203979318  -47.200746870530224  -49.899592612951764  -52.713988761806547  -55.288100603106201
           003454793                   12                    1                    0              0.00289                    0                    0                    0    0.377201716546345                    0                    0                    0    0.053748514729620  -64.534578231011835  -67.233160910882873  -68.009398384604296  -67.677635237254975
           003634755                   18                    1                    0              0.00180                    0                    0                    0    0.144584808643497                    0                    0                    0    0.042392452972685 -104.327972702302361 -110.420438172805007 -106.138873798145767 -110.897885668630394
           003759394                   14                    1                    1              0.00324                    0                    0    0.000057409106169    0.197579855092426                    0                    0    0.000041787367685    0.037756676454159  -74.269248355088138  -72.206405692320416  -74.962502873936174  -72.752552785805875
           003962715                   14                    1                    0              0.01291                    0                    0                    0    0.407480321956745                    0                    0                    0    0.113627774517459  -50.792740955768870  -53.057528229848408  -56.115899969354778  -58.256107310825143
           004036736                   17                    1                    1              0.00225                    0                    0   -0.000108443321231    0.277301241154713                    0                    0    0.000030924874079    0.032264410760885  -94.025621169473382  -96.551788537453064  -97.976744879138067  -90.721699055251875
           004056791                   16                    1                    0              0.00831                    0                    0                    0    0.359264335700649                    0                    0                    0    0.091171636688067  -71.013508122944316  -73.128625542385507  -71.476874737421170  -73.867777085763223
           004142890                   16                    1                    0              0.00173                    0                    0                    0    0.163799929108061                    0                    0                    0    0.041579340473559  -88.141369509163539  -92.276623587124561  -95.724972025712177  -98.992270743514638
           004352328                   20                    1                    0              0.00134                    0                    0                    0    0.125922434735839                    0                    0                    0    0.036590957340013 -118.090633941579682 -118.521811891164731 -121.901011775651057 -129.322433178994828
           004355503                   16                    1                    0              0.00310                    0                    0                    0    0.233044313483161                    0                    0                    0    0.055710841365482  -84.841345722530193  -85.079302506960559  -87.993522207470804  -89.629987676799686
           004636938                   17                    1                    0              0.00388                    0                    0                    0    0.392677091025480                    0                    0                    0    0.062260724936681  -90.783921733673580  -91.549309567091626  -88.188199098074620  -91.565218647427571
           004725292                   12                    1                    0              0.00717                    0                    0                    0    0.363200395933461                    0                    0                    0    0.084672737576361  -50.201073866361028  -52.660485153842956  -55.735753229898719  -56.770171739279753
           004742436                   15                    1                    0              0.00124                    0                    0                    0    0.060044559919922                    0                    0                    0    0.035227109198497  -88.171081077885702  -90.272278339576616  -92.932206158837900  -97.670130152049936
           005095098                   17                    1                    0              0.00398                    0                    0                    0    0.430883542418607                    0                    0                    0    0.063064239755426  -83.183083893120312  -86.684152278116272  -87.647423486437191  -91.129234033318511
           005344895                   14                    1                    0              0.00992                    0                    0                    0    0.289762750012777                    0                    0                    0    0.099596903577716  -58.846241608035214  -60.386754316348878  -60.373749274917081  -61.946420367040503
           005510843                   12                    1                    0              0.00679                    0                    0                    0    0.273214247781339                    0                    0                    0    0.082378368266227  -56.970984107282455  -58.423864818633717  -55.475396079099184  -57.429470891947879
           005514871                   10                    1                    1              0.01440                    0                    0    0.000235695428250    0.483995577714898                    0                    0    0.000127179566116    0.105536508264563  -35.353474127883473  -37.162402240330280  -37.798156751006452  -35.118587634602868
           005567130                   17                    1                    0              0.00616                    0                    0                    0    0.259342044692908                    0                    0                    0    0.078455115367237  -79.942133144961147  -82.717977798617682  -81.567184355280517  -83.704558936362233
           005607145                   17                    1                    0              0.00126                    0                    0                    0    0.145859604130389                    0                    0                    0    0.035468887931047 -102.003050657256722 -103.359017736849012 -106.013532931506546 -110.696165000292069
           005608384                    3                    1                    0              0.01615                    0                    0                    0    0.703773456008158                    0                    0                    0    0.127063315790119    0.000000000000000    0.000000000000000    0.000000000000000  -11.279806314709353
           005647463                   17                    1                    0              0.01381                    0                    0                    0    0.258859828040662                    0                    0                    0    0.117526205976504  -64.675182174181430  -65.381805554323591  -68.244357717179440  -69.963980638997825
           005685704                   12                    1                    0              0.01213                    0                    0                    0    0.491541790212817                    0                    0                    0    0.110136808409962  -47.259340216530582  -48.628015681368041  -47.998184166608574  -50.459860705619981
           005786382                   17                    1                    1              0.00687                    0                    0   -0.000154205693249    0.466568673480635                    0                    0    0.000056159823567    0.056735123076986  -79.359093780799753  -77.170816107378300  -78.991261766938322  -74.720834034724760
           005961373                   17                    1                    0              0.02855                    0                    0                    0    0.570985387697727                    0                    0                    0    0.168960716811197  -45.938593624913608  -48.972094389300217  -51.884434034961387  -57.621813879356566
           006070714                   21                    1                    0              7.06574                    0                    0                    0    6.121967983776978                    0                    0                    0    2.658145109759015   75.939119762556956   73.654033882761851   72.047035697460416   44.104921638089657
           006073090                   16                    1                    0              0.00242                    0                    0                    0    0.153098450061860                    0                    0                    0    0.049243028072033  -86.709310094210892  -86.549761668726873  -89.439606692912122  -93.579010745729860
           006129451                   17                    1                    2              0.00318                    0    0.000000184662023   -0.000266635577843    0.390937428512293                    0    0.000000103609923    0.000178338661882    0.066820957572497  -90.883559048015314  -89.266531864813885  -84.465801601844063  -85.146916904488236
           006290974                   18                    1                    0              0.00211                    0                    0                    0    0.198176219214733                    0                    0                    0    0.045984733334275 -102.251930493163442 -102.102974738285781 -102.109554534603419 -107.969677820288666
           006423857                   13                    1                    1              0.00199                    0                    0   -0.000078014240433    0.365664435936697                    0                    0    0.000029644821346    0.029144505838583  -71.225474767673390  -73.220228935598030  -75.739713612647122  -70.902863490351479
           006437385                   18                    1                    0              0.00113                    0                    0                    0    0.080510441416849                    0                    0                    0    0.033658749887181 -113.518456235826520 -115.885392030660000 -117.576630614922237 -119.202988533891485
           006547641                   16                    1                    0              0.00332                    0                    0                    0    0.145734735406868                    0                    0                    0    0.057598000198454  -77.812110443560158  -79.805996438971647  -82.609427609045198  -88.563969058875145
           006794650                   16                    1                    0              0.00200                    0                    0                    0    0.140177947540436                    0                    0                    0    0.044730935614966  -93.839043842087534  -94.362114851204979  -94.403832486117409  -96.654289511705073
           006836589                   15                    1                    0              0.01440                    0                    0                    0    0.282492690746359                    0                    0                    0    0.120016744411730  -59.978218208933541  -57.008115390367081  -56.790767208619144  -60.895670073998524
           006949412                   16                    1                    0              0.00660                    0                    0                    0    0.445996376258510                    0                    0                    0    0.081211174266588  -78.073614572800068  -79.295480535467334  -75.928774636970758  -77.569888946941617
           007131515                   16                    1                    0              0.00502                    0                    0                    0    0.413301731304477                    0                    0                    0    0.070830897208158  -74.411039091231672  -76.436552368705733  -79.362707382651564  -81.946130389204043
           007199037                   12                    1                    0              0.19675                    0                    0                    0    0.748191731517177                    0                    0                    0    0.443570724245867   -5.766986343785167   -4.996628116254062   -7.078020083977644  -17.024645866755357
           007692454                   18                    1                    0              0.00174                    0                    0                    0    0.094809682306929                    0                    0                    0    0.041731581016551  -97.267071133670427 -101.061821994865284 -105.795121951476588 -111.463523780439346
           007765135                   18                    1                    0              0.00295                    0                    0                    0    0.107928747160799                    0                    0                    0    0.054304763820403  -91.641722713275627 -100.198136948087068 -100.453767663565671 -101.982787920190702
           008004647                   15                    1                    0              0.00272                    0                    0                    0    0.184029304843368                    0                    0                    0    0.052148167800185  -80.574963131631222  -79.741078918219216  -82.928889947628491  -85.901936741450399
           008093473                   16                    1                    0              0.00505                    0                    0                    0    0.534649011708220                    0                    0                    0    0.071057231002308  -75.529309456779586  -78.417929885954948  -79.546065670767632  -81.844040275715116
           008282831                   13                    1                    1              0.00446                    0                    0    0.000148125133550    0.489553647692511                    0                    0    0.000059047827684    0.054262232430978  -65.621901581231072  -63.716118473077778  -65.245925862879744  -61.340757923481469
           008292758                   16                    1                    0              0.01316                    0                    0                    0    0.335303773470823                    0                    0                    0    0.114710854004529  -55.701758677271826  -57.765683936726468  -62.381003028628086  -66.518311431879724
           008416220                   16                    1                    1              0.00742                    0                    0    0.000167052304610    0.609759740581383                    0                    0    0.000070714847889    0.067443535035114  -67.038562856557519  -69.960580881922979  -72.902009710142622  -67.079718300064044
           008431229                   18                    1                    0              0.00596                    0                    0                    0    0.164179170476161                    0                    0                    0    0.077216383794278  -77.271076010527153  -80.731348168463683  -82.430521087631391  -89.310798531630880
           008643814                   16                    1                    0              0.00178                    0                    0                    0    0.096729322288458                    0                    0                    0    0.042203251254940  -89.080911461333756  -92.788747703368713  -94.111156117573628  -98.515667820223570
           008803643                   16                    1                    0              0.00157                    0                    0                    0    0.150829231670482                    0                    0                    0    0.039634601958162  -96.396068217549299  -92.890929791129153  -95.634911102297011 -100.525099451485303
           008892124                   17                    1                    0              0.00318                    0                    0                    0    0.263290592238096                    0                    0                    0    0.056388339184400  -88.885615185209261  -92.292790283633451  -90.927346992251799  -94.933545048677004
           008935655                   17                    1                    0              0.01028                    0                    0                    0    0.593786320691799                    0                    0                    0    0.101408798510054  -75.879839000650406  -73.417157564716319  -76.289390171403625  -74.979030979234835
           008959087                   14                    1                    0              0.00193                    0                    0                    0    0.170985495448353                    0                    0                    0    0.043985045809191  -83.862753976335881  -85.434290776335942  -82.289904946225377  -84.830298652925208
           009267818                   16                    1                    0              0.00516                    0                    0                    0    0.236217998090261                    0                    0                    0    0.071831934150409  -77.257840507101889  -76.460230134881854  -79.763813772676926  -81.497047645142942
           009340503                   16                    1                    0              0.00215                    0                    0                    0    0.153778580720177                    0                    0                    0    0.046356384808487  -88.678087184292991  -91.123710285892230  -94.008361440731520  -95.512091098121914
           009763640                   14                    1                    0              0.00347                    0                    0                    0    0.190040250796827                    0                    0                    0    0.058909506463044  -72.124322991052850  -74.861381726403522  -73.630934333563275  -76.650021106687007
           009874575                    7                    1                    0              0.05677                    0                    0                    0    0.602640186336358                    0                    0                    0    0.238265712766052  -18.472092118181727  -17.423721452595725  -15.680897081392747  -18.135252881167350
           009933464                   17                    1                    0              0.00882                    0                    0                    0    0.478537679113490                    0                    0                    0    0.093931966640620  -70.766805679765326  -72.301643514037579  -75.136456324554331  -77.583060264358849
           009941718                   16                    1                    0              0.00262                    0                    0                    0    0.271808457287212                    0                    0                    0    0.051192108815097  -85.878618716767093  -88.041176742133473  -88.896772613370402  -92.336847550408251
           009945771                   16                    1                    0              0.00219                    0                    0                    0    0.329302378997811                    0                    0                    0    0.046783324618429  -94.919821645118390  -90.922224134342386  -93.380315878637944  -95.218721713748110
           009992083                   17                    1                    0              0.00961                    0                    0                    0    0.456356949660965                    0                    0                    0    0.098036478478453  -68.967191662355546  -73.466688275428311  -71.720015292791572  -76.128918422735694
           010293980                   14                    1                    2              0.00051                    0    0.000000117355571   -0.000211820240838    0.158483790989536                    0    0.000000058000676    0.000102157546187    0.039757051745216  -92.314059822707947  -98.249223251294055  -87.123501149857759  -91.697007647672407
           010332732                   17                    1                    0              0.00853                    0                    0                    0    0.480690212990625                    0                    0                    0    0.092382688005706  -73.366534718045926  -72.004328088240783  -74.388976820751353  -78.148519678501216
           010384891                   15                    1                    1              0.02123                    0                    0   -0.000275973722177    0.688289940453607                    0                    0    0.000098616344096    0.099500885340675  -51.516677533817905  -54.151934934403421  -52.366858289280067  -46.809509696962294
           010394332                   17                    1                    1              0.00211                    0                    0   -0.000091708053645    0.434592390299851                    0                    0    0.000027512756172    0.026608452726266  -96.244725247912811  -98.860403422050553  -99.103606301426311  -91.096477080534370
           010536761                   17                    1                    0              0.00252                    0                    0                    0    0.251131902563217                    0                    0                    0    0.050193957981245  -96.273783881427107  -99.188283263790510  -99.201437429179990  -98.890047683839200
           010548640                   14                    1                    0              0.00739                    0                    0                    0    0.506378973075486                    0                    0                    0    0.085954699788989  -60.923766436482708  -63.586471317121813  -63.507573622915821  -66.071118978529739
           010811078                   14                    1                    0              0.00269                    0                    0                    0    0.172818494989833                    0                    0                    0    0.051889727477684  -73.101343707849324  -74.744415815642625  -78.186802731147324  -80.202706921501829
           010976930                   17                    1                    0              0.00181                    0                    0                    0    0.109655343740516                    0                    0                    0    0.042592002920716 -101.267602446381517 -102.487968175888085 -101.553639228949592 -104.473804774579193
           010991555                   14                    1                    0              0.00826                    0                    0                    0    0.371415958052257                    0                    0                    0    0.090860557498299  -55.996242148203919  -59.751729567350374  -61.645958116144165  -64.516962590886990
           011031746                   17                    1                    2              0.00333                    0    0.000000220388477   -0.000474093287595    0.806904540392951                    0    0.000000107154634    0.000189970489707    0.073592343423956  -88.004531395444346  -88.501462752315092  -83.947722818413453  -80.672406029374059
           011147271                   17                    1                    0              0.00513                    0                    0                    0    0.608894613741726                    0                    0                    0    0.071635975428749  -84.082646612242854  -84.759013647864890  -88.031018473637673  -86.796154612634353
           011455028                   16                    1                    0              0.00850                    0                    0                    0    0.435959255542950                    0                    0                    0    0.092199306600519  -66.150314900266011  -68.109035900251413  -70.521253739606522  -73.509096687347878
           011955208                   14                    1                    0              0.00660                    0                    0                    0    0.452273268840976                    0                    0                    0    0.081212004538509  -65.238783827606525  -68.531412287353632  -64.927532102886389  -67.660324371112750
           012021620                   11                    1                    0              0.03583                    0                    0                    0    0.812567307532308                    0                    0                    0    0.189301263562651  -26.908105418692742  -29.297159657161167  -31.857980804898684  -34.219246736288376
           012102573                   16                    1                    0              0.00804                    0                    0                    0    0.266229669526473                    0                    0                    0    0.089665180522355  -67.920693979266929  -70.780163355283221  -70.270553820945935  -74.400939670908855
           012118993                   13                    1                    0              0.00726                    0                    0                    0    0.319937695922547                    0                    0                    0    0.085196100507922  -54.857350650606634  -55.782747381952028  -58.986132087157159  -61.467840629435322
           012119534                   15                    1                    0              0.00269                    0                    0                    0    0.273797400049447                    0                    0                    0    0.051912597152217  -79.523288640378581  -82.448877504426093  -85.187407094305016  -86.037763755879325
