#This is a file containing the data involved in the best fit of our KICs                                                                                                                                                                                                                                                                                                                                                
                #KIC                    N           group size          best degree               chi_sq                  X^3                  X^2                  X^1                  X^0               Error3               Error2               Error1               Error0                 BIC3                 BIC2                 BIC1                 BIC0
           001872192                   17                    1                    0              0.00038                    0                    0                    0    0.051806914714164                    0                    0                    0    0.019387329842900 -125.531500078220333 -125.540706255591658 -128.110008385883447 -131.233394579302313
           002717423                   13                    1                    0              0.00019                    0                    0                    0    0.038900960701289                    0                    0                    0    0.013944591101250 -100.644103217145485 -102.730592503354572 -105.298718001532677 -108.524303737636572
           003454793                   12                    1                    0              0.00035                    0                    0                    0    0.057586473877252                    0                    0                    0    0.018767076749715  -88.992294137398346  -92.185383787429089  -91.645428166551483  -92.930721695919914
           003634755                   11                    1                    2              0.00006                    0    0.000000036623702   -0.000054408109266    0.036953500689923                    0    0.000000024589782    0.000045895258822    0.019299384979335  -98.629253791889312 -100.147308759342778  -98.570402545356188  -97.767565553893533
           003728906                    2                    1                    0              0.00000                    0                    0                    0    0.020663725826544                    0                    0                    0    0.001791989863326    0.000000000000000    0.000000000000000    0.000000000000000  -24.604567303725823
           003858086                   12                    1                    0              0.00121                    0                    0                    0    0.056573935560736                    0                    0                    0    0.034779672393729  -71.069585753464821  -74.104286037387226  -75.613663120857240  -78.124425897902881
           004056791                   14                    1                    0              0.00116                    0                    0                    0    0.045415657063917                    0                    0                    0    0.034124273948843  -80.800057158710402  -83.227836176902827  -85.819552425298326  -91.937839124361446
           004158372                    5                    1                    0              0.00001                    0                    0                    0    0.015148847109818                    0                    0                    0    0.002500916212113    0.000000000000000    0.000000000000000  -57.092608351205762  -58.301543381586455
           004175618                   13                    1                    3              0.00110   -0.000000000333816    0.000000918249791   -0.000769594659301    0.230970803048578    0.000000000164293    0.000000439462936    0.000355741920106    0.085260917624270  -78.321648914063601  -65.670881238331461  -66.086481700196913  -69.103539495246039
           004383270                   14                    1                    0              0.00084                    0                    0                    0    0.067162842096682                    0                    0                    0    0.028907103947689  -90.053057909103401  -91.891944421955728  -94.177450039211152  -96.583643946872115
           004454890                   13                    1                    0              0.00080                    0                    0                    0    0.038558425087555                    0                    0                    0    0.028336160861997  -88.946157193505925  -87.478109475927610  -87.449416849198357  -90.089080188793744
           004585976                   14                    1                    0              0.00219                    0                    0                    0    0.053297421743117                    0                    0                    0    0.046815873393077  -76.775098221823285  -79.145663774407467  -78.286319823147920  -83.083865508374984
           004636938                   17                    1                    0              0.00106                    0                    0                    0    0.072165983323671                    0                    0                    0    0.032602352011448  -98.938277475123797 -102.190064305180954 -107.757535278396787 -113.561395407077015
           004725292                   12                    1                    0              0.00110                    0                    0                    0    0.077018410600221                    0                    0                    0    0.033198739377444  -76.436386456916750  -77.259258160903869  -79.656083738001101  -79.240934334359991
           005095098                   17                    1                    0              0.00143                    0                    0                    0    0.102354918524050                    0                    0                    0    0.037794304224143  -99.828476163209373 -102.573075491864586 -105.802447400092106 -108.537080222725876
           005301955                   14                    1                    0              0.00190                    0                    0                    0    0.079894875715931                    0                    0                    0    0.043645337605440  -75.891960483776700  -78.527896678126183  -81.292886799185538  -85.047389506186093
           005426356                    4                    1                    0              0.00003                    0                    0                    0    0.025684757684344                    0                    0                    0    0.005381478227093    0.000000000000000    0.000000000000000    0.000000000000000  -40.412043072070382
           005534204                    4                    1                    0              0.00035                    0                    0                    0    0.037266540157596                    0                    0                    0    0.018819292130571    0.000000000000000    0.000000000000000    0.000000000000000  -30.396687704064416
           005567130                   16                    1                    0              0.00160                    0                    0                    0    0.142591126720426                    0                    0                    0    0.039970052411493  -91.958996394366721  -93.632221765602566  -97.211952418248814 -100.255404717407927
           005647463                   14                    1                    0              0.00048                    0                    0                    0    0.057642420190369                    0                    0                    0    0.021843586679242 -102.401305118586507  -98.459664192030075 -100.864124430279190 -104.428684328154091
           005685704                   12                    1                    0              0.00166                    0                    0                    0    0.094886099082592                    0                    0                    0    0.040733719701341  -73.199183323777589  -71.744988250302839  -74.181978070861220  -74.331870205926222
           005791720                   17                    1                    0              0.00082                    0                    0                    0    0.104715314806751                    0                    0                    0    0.028673199649339 -112.685472107209264 -115.168579844120501 -116.414518853191240 -117.927728344902292
           005961373                   13                    1                    0              0.00227                    0                    0                    0    0.078907444559011                    0                    0                    0    0.047683199929907  -68.591181677984167  -69.962497368108700  -72.627767972976656  -76.557630434719101
           006070714                   33                    1                    0              0.08168                    0                    0                    0    0.488019852551322                    0                    0                    0    0.285805404510911  -67.039743414841936  -70.685277470576366  -75.457445020030249  -79.164803272834249
           006073090                    9                    1                    2              0.00002                    0   -0.000000063674486    0.000092051432273   -0.002856954590549                    0    0.000000026474131    0.000041629678986    0.014104632666490  -93.222903636880503  -91.730981526814304  -85.149486031670918  -86.890576875152320
           006290974                   17                    1                    0              0.00030                    0                    0                    0    0.047851740711981                    0                    0                    0    0.017381691478327 -125.600898788295453 -128.648442726592407 -130.321094630579921 -134.946273236907473
           006437385                    3                    1                    0              0.00001                    0                    0                    0    0.016388280397047                    0                    0                    0    0.002724390140491    0.000000000000000    0.000000000000000    0.000000000000000  -34.334451776746576
           006547641                    3                    1                    0              0.00015                    0                    0                    0    0.022829581603972                    0                    0                    0    0.012076646604812    0.000000000000000    0.000000000000000    0.000000000000000  -25.400278055047526
           006675318                   17                    1                    0              0.00238                    0                    0                    0    0.094051159596481                    0                    0                    0    0.048812923704570  -93.917703577153659  -95.039952911740954  -96.177321593733708  -99.838632475813625
           006794650                   14                    1                    0              0.00018                    0                    0                    0    0.052753569937139                    0                    0                    0    0.013542167908253 -117.337988875860731 -113.811655215249118 -114.742050954329898 -117.815456232203459
           006870327                   15                    1                    0              0.00040                    0                    0                    0    0.050822917579717                    0                    0                    0    0.020065050869692 -106.169979358952389 -108.807856765938723 -111.409862201425412 -114.555221999539825
           007036755                   13                    1                    0              0.00018                    0                    0                    0    0.033423340824794                    0                    0                    0    0.013283161946771 -103.230991721725601 -102.111393212685101 -105.916847162065253 -109.787760329246382
           007199037                    2                    1                    0              0.00032                    0                    0                    0    0.056558703443910                    0                    0                    0    0.017770884537593    0.000000000000000    0.000000000000000    0.000000000000000  -15.427628263589478
           007211157                   17                    1                    0              0.00138                    0                    0                    0    0.060009799225513                    0                    0                    0    0.037205005594094 -107.475234567014169 -110.519183092158414 -105.758921158891752 -109.071393560268760
           007346691                   16                    1                    2              0.00056                    0    0.000000135728875   -0.000291462814470    0.188087197552538                    0    0.000000050399857    0.000093358676258    0.039296253214624 -111.257744750416990 -111.624693028269604 -103.235157779951578 -100.979365895516693
           007532880                   15                    1                    0              0.00060                    0                    0                    0    0.049772103253597                    0                    0                    0    0.024503930241248 -104.619870797741768 -106.931664893975309 -106.028510385842353 -108.559602487505174
                   0                    0                    0                    0                    0                    0                    0                    0                    0                    0                    0                    0                    0                    0                    0                    0                    0
           007765135                   12                    1                    0              0.00087                    0                    0                    0    0.036796411920876                    0                    0                    0    0.029501123084645  -69.353429593445739  -76.053250785819813  -77.815361466200187  -82.074940046894099
           007871438                   14                    1                    2              0.00026                    0    0.000000035870772   -0.000044839923504    0.035676162715110                    0    0.000000027853956    0.000047132018274    0.017364078964471 -108.886471543711551 -107.531858993710017 -104.045616546128983 -105.211073559318407
           007957709                   14                    1                    0              0.00031                    0                    0                    0    0.037078463445808                    0                    0                    0    0.017593297843517 -104.177810373456452 -106.777574795223188 -108.102124965444446 -110.487585777009357
           008004647                   14                    1                    0              0.00019                    0                    0                    0    0.037609567914828                    0                    0                    0    0.013943377712700 -116.309365786293029 -117.840757944144642 -118.284834208122689 -116.997959452563578
           008416220                   16                    1                    0              0.00228                    0                    0                    0    0.135110077427778                    0                    0                    0    0.047792078641926  -88.944280836300919  -91.976522337489669  -94.379506856288486  -94.536063181944670
           008643814                    8                    1                    0              0.00009                    0                    0                    0    0.027680127494910                    0                    0                    0    0.009644154700002  -69.633337586488381  -71.483209969492862  -73.239246761556089  -72.183010901997264
           008681527                   17                    1                    0              0.00126                    0                    0                    0    0.088099750914739                    0                    0                    0    0.035489787825171 -106.991124213579184 -109.876889197862397 -109.798235360322479 -110.676136542511628
           008803643                   11                    1                    1              0.00012                    0                    0    0.000015739010295    0.018807970581510                    0                    0    0.000009197973664    0.008691911347122  -86.870315717694098  -90.831953055517488  -94.078043789624843  -92.017178888991452
           008811811                   17                    1                    0              0.00033                    0                    0                    0    0.049942364033976                    0                    0                    0    0.018277616084270 -130.097651259961964 -134.106805633668699 -132.686135873479344 -133.237443164526724
           008935655                   16                    1                    0              0.00026                    0                    0                    0    0.041367878318118                    0                    0                    0    0.016228978032169 -120.405283787633948 -123.487624364750985 -125.251031173969281 -129.098031030244272
           008959087                   10                    1                    0              0.00017                    0                    0                    0    0.028250425239640                    0                    0                    0    0.012928877682585  -77.847006160513942  -80.329546722354621  -82.570289901803136  -84.663252696133412
           009205855                   14                    1                    0              0.00054                    0                    0                    0    0.066260011966693                    0                    0                    0    0.023293616551408  -96.150449795476646  -96.973163986654768  -99.501199322513514 -102.629068533907400
           009267818                   12                    1                    0              0.00014                    0                    0                    0    0.025470809493257                    0                    0                    0    0.011728781709954  -99.997240074932023 -100.196859118370909 -101.997615693991989 -104.212120936324141
           009340503                   14                    1                    0              0.00021                    0                    0                    0    0.040010423226609                    0                    0                    0    0.014474945560572 -111.364417712040577 -113.680769159600132 -114.952574802248108 -115.950351131204584
           009653110                   11                    1                    0              0.00098                    0                    0                    0    0.035309874320861                    0                    0                    0    0.031306027292739  -74.228478863717299  -70.286079563239710  -68.919493774211134  -73.808886690846450
           009761113                   16                    1                    0              0.00135                    0                    0                    0    0.092597267539089                    0                    0                    0    0.036736744527713  -97.768116609915253  -99.267314059967305  -98.385916454632266 -102.954701246149625
           009763640                   15                    1                    0              0.00056                    0                    0                    0    0.060487674609778                    0                    0                    0    0.023653244651646 -102.817472668405429 -107.695621967117333 -107.250167919311764 -109.619599165349896
           009933464                   15                    1                    0              0.00037                    0                    0                    0    0.049548493768565                    0                    0                    0    0.019250718681283 -112.088115491687745 -115.317978835666707 -114.984572752651786 -115.798156344476581
           009941718                   11                    1                    1              0.00004                    0                    0   -0.000008192294442    0.033568408792257                    0                    0    0.000004485232073    0.004251778456389 -102.377376319799652 -102.380523621725700 -105.788230692903056 -103.525702282815814
           009945771                   15                    1                    2              0.00052                    0    0.000000086897354   -0.000153317002469    0.102007047484165                    0    0.000000040070769    0.000072852892197    0.030416810133240 -100.449763525706445 -105.289906313066624  -96.084199001437241 -101.275448320604085
           010332732                   14                    1                    0              0.00024                    0                    0                    0    0.041499662201187                    0                    0                    0    0.015338819751172 -105.725492133530068 -108.205855577973310 -110.845208774566672 -114.327258578806379
           010536761                    7                    1                    0              0.00003                    0                    0                    0    0.019720219005518                    0                    0                    0    0.005765014255365  -65.483813360599356  -67.335387752850437  -68.920643128953586  -70.237356986238339
           010548640                   13                    1                    0              0.00032                    0                    0                    0    0.049711431665219                    0                    0                    0    0.017944302990767  -94.080787279292139  -96.591672251881576  -99.466124541954940 -101.967598152947289
           010710753                   16                    1                    0              0.00055                    0                    0                    0    0.052367629062420                    0                    0                    0    0.023373572426927 -109.335710999003041 -110.884986759712675 -113.649807504736728 -117.424188183911767
           010811078                   11                    1                    0              0.00031                    0                    0                    0    0.045535983454343                    0                    0                    0    0.017573936717685  -81.056429897238928  -83.622009477508286  -85.634646961473678  -86.511548269253922
           010847118                    6                    1                    0              0.00229                    0                    0                    0    0.156854455606631                    0                    0                    0    0.047896479164929    0.000000000000000  -31.290049406711582  -32.640251177657007  -34.672799904337900
           010932440                    2                    1                    0              0.00019                    0                    0                    0    0.028311486404570                    0                    0                    0    0.013866842857906    0.000000000000000    0.000000000000000    0.000000000000000  -16.419871596899196
           011087527                   11                    1                    0              0.00023                    0                    0                    0    0.036145926477647                    0                    0                    0    0.015172375727022  -88.493973484354342  -89.092148333193336  -91.102971738641529  -89.744240328327720
           011147271                   17                    1                    0              0.00068                    0                    0                    0    0.059320217298767                    0                    0                    0    0.026070066789784 -112.906190818088334 -115.352550716408956 -116.223773545692666 -121.163681285333212
           011665620                   11                    1                    0              0.00601                    0                    0                    0    0.089607294011393                    0                    0                    0    0.077526024980361  -50.905083110069789  -53.792367314906564  -54.189660701653750  -53.859219768689748
           012102573                   13                    1                    0              0.00143                    0                    0                    0    0.055902417828263                    0                    0                    0    0.037800151059859  -75.596607965270280  -77.895484141239450  -76.990992911243936  -82.596547324410793
           012118993                   16                    1                    0              0.00113                    0                    0                    0    0.092232473933645                    0                    0                    0    0.033686180772916  -98.081905506947294 -100.347927895998424 -102.983757296457199 -105.728774215663435
           012119534                   17                    1                    0              0.00026                    0                    0                    0    0.069970636993863                    0                    0                    0    0.016019627365342 -130.290353997420965 -131.360475045179925 -134.740374071067208 -137.720766994839920
           012121936                    7                    1                    0              0.00016                    0                    0                    0    0.026352842319681                    0                    0                    0    0.012591229601761  -57.455628128294002  -55.092128750542926  -57.084420113591612  -59.300656641326420
