#This is a file containing the data involved in the best fit of our KICs                                                                                                                                                                                                                                                                                                                                                
                #KIC                    N           group size          best degree               chi_sq                  X^3                  X^2                  X^1                  X^0               Error3               Error2               Error1               Error0                 BIC3                 BIC2                 BIC1                 BIC0
           001872192                   17                    1                    0              0.00260                    0                    0                    0    0.154147833107577                    0                    0                    0    0.051015131103434  -87.075571365010930  -90.189459673894305  -92.981105276603415  -98.338308722530982
           002717423                   16                    1                    0              0.02751                    0                    0                    0    0.532195609250089                    0                    0                    0    0.165864311415700  -47.323574114924291  -50.152891428771476  -51.896869884762992  -54.718138509449183
           003454793                   12                    1                    0              0.00072                    0                    0                    0    0.156884176648384                    0                    0                    0    0.026829939466717  -83.342969287879072  -85.503297385660630  -81.941372256376823  -84.352778247640046
           003634755                   18                    1                    0              0.00126                    0                    0                    0    0.079352414597437                    0                    0                    0    0.035554070665736 -102.521623053109224 -110.736620941055520 -110.637127769141784 -117.230850703325729
           003728906                   16                    1                    2              0.00018                    0    0.000000081136617   -0.000138298368085    0.085410734888755                    0    0.000000029884738    0.000052344281350    0.020354455607821 -128.194735887306251 -129.823665820331371 -119.388751658125898 -123.118722964737458
           003858086                   14                    1                    0              0.00447                    0                    0                    0    0.136462279270435                    0                    0                    0    0.066888272207277  -72.462615522975909  -74.987687180341624  -69.896324409473010  -73.093428325632814
           004056791                   17                    1                    0              0.00274                    0                    0                    0    0.224662469235238                    0                    0                    0    0.052350956317286  -86.432947137361452  -86.944012386130026  -90.759581719482057  -97.459479174374252
           004158372                   17                    1                    0              0.00056                    0                    0                    0    0.065384456869269                    0                    0                    0    0.023760676382467 -114.323401992112679 -116.668291239077774 -119.493675919481106 -124.317379454932933
           004175618                   13                    1                    0              0.01364                    0                    0                    0    0.364391678856950                    0                    0                    0    0.116785561545584  -47.770989886177041  -50.515000843436958  -53.106377126647722  -53.267862304008219
           004383270                   14                    1                    0              0.00114                    0                    0                    0    0.127612741972351                    0                    0                    0    0.033749340851453  -83.583421582960895  -85.989327102215256  -88.301293240962480  -92.247185651470673
           004454890                   18                    1                    0              0.00178                    0                    0                    0    0.094303623990793                    0                    0                    0    0.042218496508184 -105.351448934646740 -107.257618311444674 -109.560417462169610 -111.045914773236177
           004585976                   18                    1                    0              0.00324                    0                    0                    0    0.123820872595263                    0                    0                    0    0.056884437289507  -88.967810945896971  -90.298745780938219  -93.295683345583228 -100.312033706099172
           004636938                   17                    1                    0              0.00343                    0                    0                    0    0.226089199120159                    0                    0                    0    0.058607854564120  -84.058257695087576  -87.253545876410726  -87.692182710173370  -93.620929507275534
           004725292                   12                    1                    0              0.00181                    0                    0                    0    0.175350024120757                    0                    0                    0    0.042554785800169  -68.973580694683619  -71.515595302525611  -74.108425817081212  -73.282204283363527
           005095098                   17                    1                    1              0.00227                    0                    0    0.000052528932248    0.181809331378775                    0                    0    0.000028316106384    0.026103209676308  -94.062970899619813  -96.364311345828298  -97.826559344230702  -95.803606550268455
           005301955                   15                    1                    0              0.00536                    0                    0                    0    0.229232963628026                    0                    0                    0    0.073198912395039  -70.249921187950207  -71.142084385505996  -72.869193835116491  -75.729191282393614
           005426356                   13                    1                    0              0.00293                    0                    0                    0    0.120632330920791                    0                    0                    0    0.054128019480004  -66.816874806461939  -69.545668381597324  -71.642819140579348  -73.261536625997323
           005534204                   17                    1                    0              0.02481                    0                    0                    0    0.516061646555265                    0                    0                    0    0.157510087114817  -52.020847731631619  -54.503972093870637  -57.331147431127498  -60.007823094133464
           005567130                   17                    1                    0              0.00373                    0                    0                    0    0.211925782110169                    0                    0                    0    0.061099038717336  -90.223861231336016  -92.968564299011263  -90.771417650376961  -92.205597615484578
           005647463                   16                    1                    0              0.00268                    0                    0                    0    0.150946950961124                    0                    0                    0    0.051768815977285  -86.468629995154274  -86.023306909552758  -89.383060792893872  -91.978365490780789
           005685704                   12                    1                    0              0.00410                    0                    0                    0    0.340095174991468                    0                    0                    0    0.064025630117205  -58.781876986779189  -61.151061720908828  -60.982179401892878  -63.478416675205949
           005791720                   17                    1                    0              0.00216                    0                    0                    0    0.311922917888045                    0                    0                    0    0.046428589905796 -100.184809066884554 -102.945793392185976  -98.471225041866390 -101.541341478995250
           005961373                   17                    1                    0              0.03037                    0                    0                    0    0.482126641968621                    0                    0                    0    0.174260587688916  -43.954322031920313  -46.753000922800219  -49.311649759513095  -56.571704625795427
           006070714                   27                    1                    0              4.89971                    0                    0                    0    3.717204026904845                    0                    0                    0    2.213529270723738   72.319503221357962   68.990482308123006   66.646549067766330   46.203599494902292
           006073090                   16                    1                    0              0.00088                    0                    0                    0    0.102329293568863                    0                    0                    0    0.029742603929531 -101.081832426285942 -102.829318037954366 -105.625957987921382 -109.713004407653372
           006290974                   18                    1                    0              0.00322                    0                    0                    0    0.120412667276800                    0                    0                    0    0.056731926418757  -89.818284639613637  -95.960923797835761  -95.875953107574929 -100.408681661823650
           006437385                   13                    1                    0              0.00030                    0                    0                    0    0.044320891926263                    0                    0                    0    0.017314951216607 -101.374611222387642  -98.257899796731124  -99.540576039382003 -102.895858524531761
           006547641                   16                    1                    0              0.00070                    0                    0                    0    0.076064528604714                    0                    0                    0    0.026517410315834 -102.729087862467637 -105.450023457836835 -108.175586953893003 -113.385931875041990
           006675318                   17                    1                    1              0.00580                    0                    0   -0.000115941141047    0.409535135448500                    0                    0    0.000052922176546    0.052397455207700  -75.557047923207747  -79.989983551709400  -81.867692331304156  -78.324316956107879
           006794650                   16                    1                    0              0.00135                    0                    0                    0    0.092986867882619                    0                    0                    0    0.036779371096831  -98.702255042040619  -99.010470540318281 -100.769376243743125 -102.917592365924392
           006870327                   16                    1                    0              0.00177                    0                    0                    0    0.130439436862664                    0                    0                    0    0.042093775482360  -90.009739209266129  -93.367308491237878  -96.537848803358941  -98.598784077763412
           007036755                   17                    1                    0              0.00160                    0                    0                    0    0.113062636414776                    0                    0                    0    0.039968709184270 -103.215020083354304 -105.442512813191854 -102.266128214553589 -106.635172303359795
           007199037                   15                    1                    0              0.36103                    0                    0                    0    0.701553474574956                    0                    0                    0    0.600859177843711   -0.186472865262187   -1.107523477410311   -3.698584337331201  -12.573790348134402
           007211157                   17                    1                    0              0.00263                    0                    0                    0    0.138550295596277                    0                    0                    0    0.051237616692750  -90.758987007316179  -93.864356977039250  -93.594540248914484  -98.190351388624876
           007346691                   16                    1                    2              0.00094                    0    0.000000135215031   -0.000290619899033    0.296839239649526                    0    0.000000067272561    0.000122358413804    0.049442931517500 -101.647394755939175 -103.270713315959085  -99.575775069382047  -98.464113405191483
           007532880                   16                    1                    0              0.00348                    0                    0                    0    0.135226379696590                    0                    0                    0    0.058987889294159  -83.766017052883072  -88.127646794827854  -85.621977857813548  -87.800951192867501
           007692454                   12                    1                    0              0.00184                    0                    0                    0    0.054367464406150                    0                    0                    0    0.042840574161289  -67.929431508796029  -71.878399161896667  -68.074057329842660  -73.121564495043927
           007765135                   17                    1                    0              0.00217                    0                    0                    0    0.080196448519466                    0                    0                    0    0.046547446780656  -94.787836183196958 -103.327659179078609  -99.747189416343403 -101.454412930723421
           007871438                   17                    1                    0              0.00180                    0                    0                    0    0.126820301253874                    0                    0                    0    0.042384089215370  -99.539749201509707 -100.563063489443579 -103.361807023318647 -104.640182867768345
           007957709                   17                    1                    0              0.00246                    0                    0                    0    0.107353327074444                    0                    0                    0    0.049560486706468  -89.613178553786966  -92.607837567042765  -95.437043720672889  -99.321874314396879
           008004647                   15                    1                    0              0.00094                    0                    0                    0    0.108675074202434                    0                    0                    0    0.030683235031748  -97.272007061787832  -96.922574627911089  -98.801124550171934 -101.813115710546256
           008416220                   16                    1                    1              0.00637                    0                    0    0.000179017826505    0.216821450071387                    0                    0    0.000062147477777    0.057445879354653  -70.284099331517183  -73.012462441147662  -75.343868681018648  -68.435623960954558
           008643814                   15                    1                    0              0.00035                    0                    0                    0    0.058522750366378                    0                    0                    0    0.018722101544560 -105.590974235870632 -110.349714443736431 -112.220292901629890 -116.633466366034071
           008681527                   17                    1                    0              0.00688                    0                    0                    0    0.259961496554960                    0                    0                    0    0.082917257355647  -78.648617581573120  -78.648085459969252  -80.819028966448144  -81.823796959434318
           008803643                   16                    1                    0              0.00064                    0                    0                    0    0.075292838865633                    0                    0                    0    0.025207195887600 -109.070507568557105 -109.592987564411473 -111.388991400085700 -115.007436049967666
           008811811                   17                    1                    0              0.00134                    0                    0                    0    0.152511463623582                    0                    0                    0    0.036594504345132 -101.173004853623354 -103.632509171092323 -106.239027253428489 -109.633931603970282
           008935655                   17                    1                    0              0.00306                    0                    0                    0    0.275087911972615                    0                    0                    0    0.055341284950690  -94.089001167060928  -90.179242681959238  -92.866129299890005  -95.570813569403398
           008959087                   14                    1                    0              0.00047                    0                    0                    0    0.092123936245891                    0                    0                    0    0.021648029312431 -105.850495898408724 -106.411498511991724 -103.513473257343904 -104.680486568570402
           009205855                   15                    1                    0              0.00364                    0                    0                    0    0.224424695092512                    0                    0                    0    0.060372000990410  -76.217617102789660  -77.806730818342984  -78.356795774693552  -81.508845037293042
           009267818                   16                    1                    0              0.00145                    0                    0                    0    0.119135922311661                    0                    0                    0    0.038113432967494  -95.675868106241637  -95.399763209335902  -98.143535891615954 -101.777442882970973
           009340503                   15                    1                    0              0.00042                    0                    0                    0    0.091805453489761                    0                    0                    0    0.020548088805384 -107.337889606200193 -108.664885097600560 -111.837339568625850 -113.841570134976834
           009653110                   15                    1                    0              0.00300                    0                    0                    0    0.079480032855702                    0                    0                    0    0.054741365625397  -85.393275782751985  -82.190853353925476  -79.008299690527338  -84.446018644733840
           009761113                   16                    1                    0              0.00690                    0                    0                    0    0.315418773317575                    0                    0                    0    0.083085198959407  -76.814893432487878  -76.266340619134098  -76.618882843468597  -76.839849811612709
           009763640                   16                    1                    0              0.00262                    0                    0                    0    0.151311370311141                    0                    0                    0    0.051144280826533  -85.893580028673881  -88.783985670680110  -90.638178502811115  -92.366758626044856
           009933464                   17                    1                    0              0.00312                    0                    0                    0    0.169124976499410                    0                    0                    0    0.055840165543388  -87.509602184712037  -87.974224357072018  -90.717322293084223  -95.265689757570641
           009941718                   16                    1                    0              0.00129                    0                    0                    0    0.118969673527388                    0                    0                    0    0.035903713801826  -97.969509337177541 -101.504711015252497 -103.518264935052869 -103.688676567984643
           009945771                   16                    1                    0              0.00164                    0                    0                    0    0.159509459076077                    0                    0                    0    0.040478009809244  -93.539394179263141  -94.195194209932311  -96.215311866745907  -99.851296717855149
           010332732                   17                    1                    0              0.00332                    0                    0                    0    0.213439714850778                    0                    0                    0    0.057580808170220  -90.237733612984684  -88.964387418941584  -90.624700273056220  -94.222029237808812
           010536761                   16                    1                    0              0.00083                    0                    0                    0    0.113876781045599                    0                    0                    0    0.028857311227835 -102.663405247841226 -105.352213482036987 -108.114661906883342 -110.679951950570896
           010548640                   14                    1                    0              0.00251                    0                    0                    0    0.173256982022592                    0                    0                    0    0.050131231005600  -75.278867179244543  -78.243068327529329  -79.753900638798711  -81.168053239175308
           010710753                   16                    1                    0              0.00135                    0                    0                    0    0.123834142818221                    0                    0                    0    0.036771705512530  -97.680889139262703  -97.614323818134508 -100.987997231496152 -102.924262525216307
           010811078                   14                    1                    0              0.00164                    0                    0                    0    0.096964472119085                    0                    0                    0    0.040516339345938  -80.110538956139052  -82.746716891601963  -85.260170970075592  -87.130341146890558
           010847118                    1                    1                    0              0.00000                    0                    0                    0    0.141346429483096                    0                    0                    0    0.000000000000000    0.000000000000000    0.000000000000000    0.000000000000000                 -inf
           010932440                   13                    1                    1              0.01443                    0                    0    0.000326700061370    0.317063242002170                    0                    0    0.000097194328592    0.084856470581958  -45.298062780212625  -47.568676496634794  -49.965681448279526  -40.261597382153838
           011087527                   16                    1                    0              0.00406                    0                    0                    0    0.155995724275597                    0                    0                    0    0.063682160609496  -87.048284007408498  -81.486290975640344  -85.077401737800102  -85.350637161035976
           011147271                   17                    1                    0              0.00203                    0                    0                    0    0.240911304576762                    0                    0                    0    0.045086586790518  -90.493888313492263  -95.127950719740483  -98.171682847993750 -102.538583217974590
           011665620                   19                    1                    0              0.03410                    0                    0                    0    0.403032160588791                    0                    0                    0    0.184649022525205  -50.063644424217948  -53.059406206695108  -57.059137143282641  -61.248901412519338
           012102573                   15                    1                    2              0.00086                    0    0.000000109536349   -0.000181265684575    0.170193142217175                    0    0.000000051246891    0.000086244586991    0.031638208294534  -94.813074786067986  -97.838197887890303  -88.451078311376904  -94.191438185976040
           012118993                   16                    1                    0              0.00468                    0                    0                    0    0.256026892332404                    0                    0                    0    0.068384331959400  -74.125689996705447  -76.855358152975853  -79.027825621977726  -83.070980734210323
           012119534                   17                    1                    0              0.00265                    0                    0                    0    0.194939563705300                    0                    0                    0    0.051446915327154  -89.654641644222423  -92.223047561947112  -95.124997283370050  -98.051748947058286
           012121936                   17                    1                    0              0.00057                    0                    0                    0    0.069706037520253                    0                    0                    0    0.023931679010661 -109.822929418906867 -118.603146312790187 -120.912624242624318 -124.073562003423064
