000757099
001570924
002017803
003441906
003452996
003539331
003557532
003728906
003832966
003858086
004059416
004070633
004169930
004175618
004175707
004248763
004349043
004351414
004383270
004454890
004585976
004633285
004671547
004819564
004907159
005115335
005213142
005268904
005290153
005357275
005426356
005446821
005460828
005609753
005739251
005791720
005951140
005962956
005966921
006130409
006356144
006470998
006521526
006535050
006675318
006675714
006779613
006784274
006846570
006870327
006953069
007033830
007036755
007107762
007191311
007199013
007211157
007218950
007346691
007350067
007350496
007465605
007532880
007592133
007691547
007740983
007800087
007871438
007939565
007957709
007987514
008149616
008196449
008197275
008226464
008314902
008331561
008378945
008423343
008479655
008487242
008610168
008611876
008651471
008681527
008742449
008811811
008814775
008873450
009048949
009205855
009306085
009346592
009347955
009349698
009395205
009414097
009456920
009468966
009511937
009643210
009653110
009726020
009752189
009761113
009833666
010004510
010071383
010080792
010197260
010330818
010515986
010710753
010790812
010815729
010847118
010861194
010865206
010909367
010918016
010932440
010975238
011017401
011033205
011074251
011080481
011087095
011137723
011190713
011196403
011244980
011395206
011413380
011495571
011665620
011856076
011876227
011971335
012258055
012314646
012354328
012365015
