#This is a file containing the parameters and errors involved in the best fit of a KIC's time vs frequency data                                                                                                                                                                                                                                                                                                                                                
                #KIC                    N           group size          best degree            chiSquare                  X^3                  X^2                  X^1                  X^0               Error3               Error2               Error1               Error0                 BIC3                 BIC2                 BIC1                 BIC0
           001572802                   15                    1                    0              0.00352                    0                    0                    0   -0.029411155403514                    0                    0                    0    0.059298944561252    0.000000000000000    0.000000000000000  -80.218893685881000  -82.046862941779580
           001572802                    8                    2                    0              0.00300                    0                    0                    0   -0.034696657011459                    0                    0                    0    0.054803117571640    0.000000000000000    0.000000000000000  -43.793084637339653  -44.384689604766642
           001572802                    5                    3                    0              0.00210                    0                    0                    0   -0.029411155403514                    0                    0                    0    0.045833380332020    0.000000000000000    0.000000000000000  -28.581214476021298  -29.217988338748370
           001783204                   16                    1                    1              0.00072                    0                    0   -0.000051337011020    0.039954647019712                    0                    0    0.000019122365638    0.017877579794358    0.000000000000000 -108.914116243333922 -110.298707437373224 -104.828295090537452
           001783204                    8                    2                    1              0.00024                    0                    0   -0.000051024257836    0.041074727879718                    0                    0    0.000020421388160    0.019013969485809    0.000000000000000  -60.176192251826748  -62.366417689415485  -56.146379252464435
           001783204                    6                    3                    2              0.00002                    0    0.000000054781149   -0.000141816708208    0.065126294936492                    0    0.000000030479138    0.000055971060383    0.022374100454155   99.000000000000000  -58.718809831194093  -50.338808047138400  -45.070364151527571
           002305277                   16                    1                    0              0.00440                    0                    0                    0   -0.020549639820971                    0                    0                    0    0.066337333605474    0.000000000000000    0.000000000000000  -81.237459125422291  -84.043489330045219
           002305277                    8                    2                    0              0.00252                    0                    0                    0   -0.020549639820971                    0                    0                    0    0.050243522625919    0.000000000000000    0.000000000000000  -43.881603056196916  -45.774536751415084
           002305277                    6                    3                    0              0.00183                    0                    0                    0   -0.013045174104028                    0                    0                    0    0.042823770197797    0.000000000000000    0.000000000000000  -35.475406915075631  -36.016183956052572
           002985366                    5                    1                    0              0.00933                    0                    0                    0   -0.087660932012667                    0                    0                    0    0.096616208635248    0.000000000000000    0.000000000000000  -19.591125504210254  -21.760649693404819
           002985366                    3                    2                    0              0.00403                    0                    0                    0   -0.069867188277800                    0                    0                    0    0.063446166622296    0.000000000000000    0.000000000000000   99.000000000000000  -15.446768725558515
           002985366                    2                    3                    0              0.00020                    0                    0                    0   -0.090483276379746                    0                    0                    0    0.014111721835397    0.000000000000000    0.000000000000000   99.000000000000000  -16.349850783929934
           003234139                   17                    1                    0              0.00095                    0                    0                    0   -0.009429141160710                    0                    0                    0    0.030777495269591    0.000000000000000    0.000000000000000 -112.660519984672163 -115.519818646687156
           003234139                    9                    2                    0              0.00038                    0                    0                    0   -0.008585603943077                    0                    0                    0    0.019500942214281    0.000000000000000    0.000000000000000  -67.080430445752697  -68.674040348840123
           003234139                    6                    3                    0              0.00027                    0                    0                    0   -0.009192779617480                    0                    0                    0    0.016331955520328    0.000000000000000    0.000000000000000  -45.656902725761164  -47.583820078724713
           003441906                   16                    1                    0              0.00062                    0                    0                    0   -0.009791155382102                    0                    0                    0    0.024937016607957    0.000000000000000    0.000000000000000 -111.579135761924775 -115.352274274944151
           003441906                    8                    2                    0              0.00031                    0                    0                    0   -0.009791155382102                    0                    0                    0    0.017667617069324    0.000000000000000    0.000000000000000  -59.545108321109637  -62.496908205012041
           003441906                    6                    3                    0              0.00010                    0                    0                    0   -0.010406311481079                    0                    0                    0    0.009764052445283    0.000000000000000    0.000000000000000  -51.879971617275132  -53.756813592873044
           003539331                   16                    1                    0              0.00052                    0                    0                    0   -0.001969879161697                    0                    0                    0    0.022756371562033    0.000000000000000    0.000000000000000 -116.503855147648622 -118.280534610122245
           003539331                    8                    2                    0              0.00032                    0                    0                    0   -0.001969879161697                    0                    0                    0    0.017988565383611    0.000000000000000    0.000000000000000  -60.933860985716123  -62.208862128927059
           003539331                    6                    3                    0              0.00015                    0                    0                    0   -0.003657352909532                    0                    0                    0    0.012248668508010    0.000000000000000  -50.000101849560842  -51.778812071074029  -51.036297024243439
           003557532                   13                    1                    0              0.00038                    0                    0                    0   -0.007441932281910                    0                    0                    0    0.019579632862833    0.000000000000000    0.000000000000000  -98.492977969262526  -99.699950852139452
           003557532                    7                    2                    0              0.00023                    0                    0                    0   -0.008094088292503                    0                    0                    0    0.015111845609733    0.000000000000000    0.000000000000000  -55.048631300483400  -56.745958964264602
           003557532                    5                    3                    0              0.00023                    0                    0                    0   -0.008659290168350                    0                    0                    0    0.015049590950324    0.000000000000000    0.000000000000000  -38.679934952128043  -40.354606762936534
           004349043                   17                    1                    0              0.00099                    0                    0                    0   -0.010235064845853                    0                    0                    0    0.031525202610667    0.000000000000000    0.000000000000000 -112.183750818027676 -114.703697641653321
           004349043                    9                    2                    0              0.00058                    0                    0                    0   -0.007162753021603                    0                    0                    0    0.024104208490662    0.000000000000000    0.000000000000000  -62.663409570096242  -64.859414318786278
           004349043                    6                    3                    0              0.00042                    0                    0                    0   -0.008162110113180                    0                    0                    0    0.020604393194160    0.000000000000000    0.000000000000000  -42.980051679593558  -44.795252099627220
           005033682                   18                    1                    0              0.01088                    0                    0                    0   -0.033673012901693                    0                    0                    0    0.104305635260096    0.000000000000000    0.000000000000000  -76.259448327925284  -78.485104249544491
           005033682                    9                    2                    0              0.00563                    0                    0                    0   -0.033673012901693                    0                    0                    0    0.075034494186001    0.000000000000000    0.000000000000000  -43.424097961730311  -44.419307699223026
           005033682                    6                    3                    0              0.00131                    0                    0                    0   -0.033673012901693                    0                    0                    0    0.036142984138735    0.000000000000000  -40.922982015798020  -41.645802227942660  -38.051509637925811
           009511937                   14                    1                    0              0.00350                    0                    0                    0   -0.037776406896944                    0                    0                    0    0.059125047343749    0.000000000000000  -76.710367568625685  -79.589652368621117  -76.547760350436661
           009511937                    7                    2                    1              0.00067                    0                    0   -0.000076884934781    0.033008806912022                    0                    0    0.000040115563238    0.036642657137045    0.000000000000000  -45.593722123545490  -47.241082648662427  -42.039308924679510
           009511937                    5                    3                    1              0.00003                    0                    0   -0.000096597911732    0.049169744757719                    0                    0    0.000009347923923    0.008719393598001    0.000000000000000   99.000000000000000  -49.003365052061120  -30.050547921073335
                   0                    0                    0                    0                    0                    0                    0                    0                    0                    0                    0                    0                    0                    0                    0                    0                    0
                   0                    0                    0                    0                    0                    0                    0                    0                    0                    0                    0                    0                    0                    0                    0                    0                    0
                   0                    0                    0                    0                    0                    0                    0                    0                    0                    0                    0                    0                    0                    0                    0                    0                    0
                   0                    0                    0                    0                    0                    0                    0                    0                    0                    0                    0                    0                    0                    0                    0                    0                    0
                   0                    0                    0                    0                    0                    0                    0                    0                    0                    0                    0                    0                    0                    0                    0                    0                    0
                   0                    0                    0                    0                    0                    0                    0                    0                    0                    0                    0                    0                    0                    0                    0                    0                    0
